0		0.02019922249019146		0.018455151468515396
1		0.016746850063403446		0.013408304192125797
2		0.014153217896819115		0.008425234816968441
3		0.009424692951142788		0.010134249925613403
4		0.008813069202005863		0.005717013031244278
5		0.0057375576967994375		0.00703772297129035
6		0.00696093775331974		0.0053053260780870914
7		0.005644795174400012		0.006343839690089226
8		0.005062373510251443		0.0031727487221360207
9		0.004101339261978865		0.002803551498800516
10		0.0034489574221273265		0.0031742150895297527
11		0.003190607919047276		0.00322099681943655
12		0.0031225441489368677		0.00357003859244287
13		0.003450918709859252		0.0026961667463183403
14		0.0028468260231117406		0.0029970919713377953
15		0.002552691691865524		0.0029005766846239567
16		0.0026936104986816645		0.0026277003344148397
17		0.0024611346113185086		0.0023350778501480818
18		0.00253094305905203		0.002224958036094904
19		0.002238102334861954		0.002047872869297862
20		0.0021271157699326673		0.0020097321830689907
21		0.0020624814787879586		0.0021460463758558035
22		0.0020237253047525883		0.002038514707237482
23		0.0020303726196289062		0.0021219102200120687
24		0.0020894373301416636		0.0020254156552255154
25		0.0020880406567205987		0.002092003123834729
26		0.0021084722441931567		0.0023288391530513763
27		0.0022908548514048257		0.002826256677508354
28		0.0023638285541286073		0.002379986457526684
29		0.002197745411346356		0.0019749857019633055
30		0.0020821121676514545		0.002211986342445016
31		0.0023259629185001054		0.0019968021661043167
32		0.0020947662803033986		0.0021712316665798426
33		0.002015374329251548		0.0020686956122517586
34		0.0020865340096255145		0.0022031404078006744
35		0.0021040089583645263		0.002021398628130555
36		0.0020840069434295097		0.002209728118032217
37		0.002052430994808674		0.0021110125817358494
38		0.002084646839648485		0.0022580125369131565
39		0.002029379907374581		0.0020632182713598013
40		0.0020896898737798133		0.0020794556476175785
41		0.002023348662381371		0.0020721491891890764
42		0.0020617269910871983		0.0020191550720483065
43		0.0020629392626384893		0.0019832607358694077
44		0.0019825900283952556		0.0021806093864142895
45		0.0020617429787913957		0.0020269788801670074
46		0.001979974564164877		0.0020209243521094322
47		0.002014757754902045		0.0020153915975242853
48		0.002043353704114755		0.001983595546334982
49		0.0020298326077560582		0.0023899460211396217
50		0.0021121101453900337		0.001994076417759061
51		0.0020468327372024455		0.0020164353772997856
52		0.0021154566978414855		0.0022652798797935247
53		0.0021048393100500107		0.0019676177762448788
54		0.0020728412394722304		0.0019783407915383577
55		0.0020538891355196633		0.002135210670530796
56		0.0020560677318523326		0.002014179714024067
57		0.0020772938150912523		0.002030214760452509
58		0.0020394795574247837		0.0020851907320320606
59		0.0020779481468101344		0.001992615405470133
60		0.002039532371175786		0.002409198321402073
61		0.002073996622736255		0.00204488611780107
62		0.0021694411213199296		0.0023534628562629223
63		0.002191391851132115		0.0021471199579536915
64		0.002137197103972236		0.002046051900833845
65		0.002115045596535007		0.0023248125799000263
66		0.002168828078235189		0.002236021216958761
67		0.0021956325508654118		0.002374489326030016
68		0.0022385891837378344		0.0021249514538794756
69		0.0021593424025923014		0.0021389592438936234
70		0.002168494431922833		0.001979817869141698
71		0.0020354054092119136		0.0022213126067072153
72		0.002096717789148291		0.0020412378944456577
73		0.002007222812001904		0.002172074280679226
74		0.002029580141728123		0.001973608275875449
75		0.002022756806885203		0.002099387813359499
76		0.0020132983724276223		0.0020477056968957186
77		0.002047389280050993		0.0022795465774834156
78		0.00204739059942464		0.0019930172711610794
79		0.0020958828584601483		0.0020903071854263544
80		0.0019741810392588377		0.0019801773596554995
81		0.001979868315781156		0.0020368769764900208
82		0.001980748027563095		0.0020256093703210354
83		0.0020183064431572952		0.002045683329924941
84		0.0019861102725068727		0.001957210013642907
85		0.00197930207165579		0.002088294830173254
86		0.0019929122645407915		0.0019837762229144573
87		0.001959252830905219		0.001991097116842866
88		0.0019454853997255366		0.002014682162553072
89		0.0020125468727201223		0.002065917244181037
90		0.0019461029830078285		0.0019945839885622263
91		0.0019843949703499675		0.0019773822277784348
92		0.0019558865654592714		0.0019841408357024193
93		0.001983645682533582		0.0019794562831521034
94		0.001957681573306521		0.0020376546308398247
95		0.0019415757075573008		0.0019787345081567764
96		0.0019802735187113285		0.002061686711385846
97		0.001966245782872041		0.002001299522817135
98		0.0019870714750140905		0.00202571926638484
99		0.0019836713715145984		0.0020059184171259403
100		0.001960454120611151		0.002012301469221711
101		0.0019547678530216217		0.0020392723381519318
102		0.001954736032833656		0.0019750844221562147
103		0.001973724846417705		0.0020226959604769945
104		0.0019589748699218035		0.0020412947051227093
105		0.002009722520597279		0.0019870419055223465
106		0.0019536036998033524		0.0020649628713726997
107		0.0019705304487918815		0.001986775314435363
108		0.0019777491688728333		0.0020193499512970448
109		0.0019678244522462287		0.0020159264095127583
110		0.001933021315683921		0.0019823270849883556
111		0.001984992103340725		0.0020088187884539366
112		0.0019640957470983267		0.001998061779886484
113		0.001962306482406954		0.001992584206163883
114		0.001953274516078333		0.002031184732913971
115		0.001971951414210101		0.002005112823098898
116		0.0019776448995495834		0.001965275499969721
117		0.001972411759197712		0.002003575675189495
118		0.0019442098370442789		0.002041422761976719
119		0.0019822869217023253		0.0019966070540249348
120		0.0019623315117011466		0.001963934162631631
121		0.0019803099955121675		0.0019517665496096015
122		0.0020040348172187805		0.002012543147429824
123		0.001976148613418142		0.00207724142819643
124		0.0019656666942561665		0.0019784404430538416
125		0.001962220606704553		0.0020190724171698093
126		0.001979514646033446		0.002004448091611266
127		0.001980035255352656		0.0019962287042289972
128		0.001954382983967662		0.00204122974537313
129		0.0019492354864875476		0.0019910945557057858
130		0.00197791358611236		0.0019666533917188644
131		0.001961170850942532		0.002006778260692954
132		0.0019364003092050552		0.0020490786992013454
133		0.00195896509103477		0.00200866861268878
134		0.0019782389669368663		0.001990269171074033
135		0.001951048228268822		0.0019816020503640175
136		0.001977103374277552		0.0019605173729360104
137		0.0019719826135163507		0.00199894979596138
138		0.0019540392871325216		0.002030237577855587
139		0.0019930689983690777		0.001984518254175782
140		0.0019504936644807458		0.0019833717960864305
141		0.0019608005338038006		0.002013576915487647
142		0.0019693609792739153		0.0019833205733448267
143		0.001958086349380513		0.0019785179756581783
144		0.0019684098660945892		0.0020239176228642464
145		0.0019381566283603509		0.0020225830376148224
146		0.0019876613902548947		0.002004910260438919
147		0.001956232978651921		0.0020066408906131983
148		0.0019776811047146716		0.001973313745111227
149		0.0019868705809737244		0.0020000047516077757
150		0.0020058572214717665		0.0019928778056055307
151		0.001966975318888823		0.001996739534661174
152		0.001949831882181267		0.0020122055429965258
153		0.0019357028262068827		0.0020418791100382805
154		0.0019748486035193005		0.002007431350648403
155		0.0019565369778623185		0.0019770837388932705
156		0.0019536971036965647		0.001984604401513934
157		0.0019609915713469186		0.0020237581338733435
158		0.002003636172351738		0.002030752832069993
159		0.0019634657073765993		0.001988337142392993
160		0.001982131778883437		0.0019934300798922777
161		0.001969058571072916		0.0020211702212691307
162		0.0019499479094520211		0.00199207104742527
163		0.0019547066185623407		0.001989451702684164
164		0.0019516871543601155		0.0020094949286431074
165		0.0019339200807735324		0.0020260184537619352
166		0.0019312010845169425		0.0020008711144328117
167		0.0019357514878114064		0.001966235227882862
168		0.0019674369444449744		0.0019777687266469
169		0.0019557837319249907		0.002004910260438919
170		0.0019507503990704815		0.00199454789981246
171		0.001943389419466257		0.0019977025222033262
172		0.0019343422415355842		0.002011877717450261
173		0.0019629845628514886		0.002008261391893029
174		0.0019517951101685564		0.0019900768529623747
175		0.0019725849075863757		0.0019843755289912224
176		0.0019607575765500465		0.001977006671950221
177		0.0019391044819106658		0.0019962582737207413
178		0.0019395979664598901		0.0020080809481441975
179		0.0019334290797511737		0.0019876009318977594
180		0.0019582591097181043		0.0019868735689669847
181		0.0019487355990956228		0.0019965532701462507
182		0.0019176125060766935		0.0020011491142213345
183		0.0019519634467239182		0.0019847580697387457
184		0.001959292683750391		0.0019805356860160828
185		0.0019268739270046353		0.0019851992838084698
186		0.0019669017444054284		0.001980341039597988
187		0.0019626112189143896		0.001979509834200144
188		0.001957539158562819		0.001995656406506896
189		0.0019266704718271892		0.002004575915634632
190		0.0019425962818786502		0.0020170416682958603
191		0.0019148439945032199		0.0020083102863281965
192		0.0019854798447340727		0.001987083815038204
193		0.0019528788592045505		0.0019803536124527454
194		0.0019362985622137785		0.0019831021782010794
195		0.0019551804677272835		0.0019989635329693556
196		0.0019498943195988734		0.0019988296553492546
197		0.0019485496838266652		0.0019957590848207474
198		0.0019472056689361732		0.0019849108066409826
199		0.0019344905158504844		0.001982235349714756
200		0.0019744945845256248		0.001982104731723666
201		0.0019969010027125478		0.0019829408265650272
202		0.001936521613970399		0.0019926256500184536
203		0.0019435446398953597		0.002004069508984685
204		0.0019195680894578497		0.002010032534599304
205		0.0019444141459340851		0.002003195695579052
206		0.0019350569540013869		0.00198719697073102
207		0.001961398753337562		0.001980750821530819
208		0.0019230247319986422		0.0019797896966338158
209		0.0019489039356509845		0.0019901772029697895
210		0.0019304655337085326		0.002004077658057213
211		0.001940931115920345		0.0020080001559108496
212		0.001977190414133171		0.0020044981501996517
213		0.0019344494212418795		0.0019929916597902775
214		0.00193925725761801		0.0019858889281749725
215		0.0019638879457488656		0.0019852977711707354
216		0.001957907651861509		0.001990271732211113
217		0.0019370407098904252		0.0020060676615685225
218		0.001961897981042663		0.0020120146218687296
219		0.0019324349317078788		0.0020026336424052715
220		0.0019593610583494105		0.0019926531240344048
221		0.001921101667297383		0.0019834639970213175
222		0.0019686522039895258		0.00198216806165874
223		0.0019442050252109766		0.0019885485526174307
224		0.0019659982062876225		0.0019981979858130217
225		0.0019367799007644255		0.002001908840611577
226		0.001956358551979065		0.001998965861275792
227		0.001925293627815942		0.001992198172956705
228		0.0019472852194060881		0.0019855776336044073
229		0.001948318094946444		0.0019847180228680372
230		0.001954119885340333		0.0019853035919368267
231		0.001966745398628215		0.0019913851283490658
232		0.0019780826599647603		0.001999911619350314
233		0.001970299364378055		0.002005430171266198
234		0.0019764446963866553		0.0020046879071742296
235		0.001955211589423319		0.001997825689613819
236		0.0019424503358701866		0.001992686651647091
237		0.0019682039661953845		0.0019910691771656275
238		0.0019191625760868192		0.0019896721933037043
239		0.0019401507840181391		0.001990589080378413
240		0.0019436380825936794		0.001990953227505088
241		0.0019604371627792716		0.0019931138958781958
242		0.0019329697048912446		0.0019990219734609127
243		0.0019403894354278843		0.0020033984910696745
244		0.0019267941825091839		0.0020016999915242195
245		0.001949433741780619		0.0019987996201962233
246		0.0019654870266094804		0.0019978806376457214
247		0.0019954760015631714		0.0019977795891463757
248		0.0019624351989477873		0.0019983798265457153
249		0.0019215929011503856		0.001997088547796011
250		0.0019841546503206096		0.0019962075166404247
251		0.0019272638019174337		0.0019952349830418825
252		0.001975096995010972		0.0019958647899329662
253		0.0019932694267481565		0.0019994524773210287
254		0.0019489329230661194		0.0019997586496174335
255		0.0019555778708308935		0.0019973006565123796
256		0.0019485690087700884		0.001994652207940817
257		0.001965909187371532		0.001992166740819812
258		0.0019466473410526912		0.0019918037578463554
259		0.001964305993169546		0.0019897238817065954
260		0.0019595772804071507		0.001988857053220272
261		0.0019491893472149968		0.001990190939977765
262		0.0019453427133460839		0.0019914547447115183
263		0.0019454837311059237		0.001989589538425207
264		0.0019510816782712936		0.001987870316952467
265		0.0019361292167256277		0.0019858668092638254
266		0.0019305402335400383		0.001982835354283452
267		0.0019694256285826364		0.001983208116143942
268		0.001926490260909001		0.001985398819670081
269		0.0019489855815966923		0.001985846320167184
270		0.0019555831095203757		0.001987566938623786
271		0.0019584017960975566		0.0019905944354832172
272		0.001954395091161132		0.001991723896935582
273		0.0019470667854572337		0.001992943463847041
274		0.0019701937368760505		0.0019939260091632605
275		0.0019685433556636176		0.0019945972599089146
276		0.0019270002376288176		0.001994520192965865
277		0.0019498585412899654		0.001991329016163945
278		0.0019372547588621576		0.001990607939660549
279		0.0019404030172154307		0.0019890463445335627
280		0.00196526867027084		0.001988728530704975
281		0.001965964950310687		0.00198964960873127
282		0.001967919641174376		0.0019915804732590914
283		0.001953157247044146		0.0019939627964049578
284		0.0019658930832520127		0.001996964681893587
285		0.0019368963160862525		0.0019992482848465443
286		0.0019455209840089083		0.002000026172026992
287		0.001946675203119715		0.0019998247735202312
288		0.0019404117483645678		0.0019986398983746767
289		0.0019517519976943731		0.00199624034576118
290		0.0019534031162038445		0.0019938654731959105
291		0.0019621081883087754		0.0019906973466277122
292		0.0019387691281735897		0.0019883138593286276
293		0.0019556155117849507		0.0019875108264386654
294		0.001959600175420443		0.0019871643744409084
295		0.0019856226863339543		0.0019871178083121777
296		0.001934674723694722		0.0019879278261214495
297		0.0019326056741798918		0.001988328993320465
298		0.0019315202177191775		0.0019881054759025574
299		0.0019721757465352616		0.0019872065167874098
300		0.0019534113040814796		0.0019871436525136232
301		0.0019286793346206348		0.001987844007089734
302		0.0019547799214099846		0.001988596748560667
303		0.0019361124529192846		0.0019893948920071125
304		0.0019548553973436356		0.001989202806726098
305		0.0019336465435723464		0.001988156232982874
306		0.0019460003046939771		0.0019871960394084454
307		0.0019628478524585566		0.001986568793654442
308		0.001953698267849783		0.001986962277442217
309		0.0019455857885380585		0.0019882800988852978
310		0.0019883023342117667		0.001990607939660549
311		0.0019534477032721043		0.0019922922365367413
312		0.0019639943881581226		0.0019931315910071135
313		0.0019452449244757493		0.0019931418355554342
314		0.001967267676567038		0.001992252189666033
315		0.001942947196463744		0.001990725751966238
316		0.0019400949434687693		0.0019888838287442923
317		0.0019772294520710907		0.0019882763735949993
318		0.0019689317171772323		0.001988104311749339
319		0.0019892421551048756		0.0019884416833519936
320		0.001990732077198724		0.0019891001284122467
321		0.0019509615764642756		0.001990135293453932
322		0.0019533735467121005		0.0019908843096345663
323		0.0019812356137360134		0.001991444732993841
324		0.0019275255035609007		0.0019923897925764322
325		0.001919045695103705		0.0019931052811443806
326		0.0019730456018199525		0.00199338560923934
327		0.0019587246157849827		0.0019930480048060417
328		0.001959698119511207		0.0019929255358874798
329		0.0019305546302348375		0.001992655685171485
330		0.0019582993894194565		0.001992239849641919
331		0.001956286452089747		0.0019918971229344606
332		0.0019384229866166909		0.0019919881597161293
333		0.0019316793186590075		0.0019921590574085712
334		0.001942104931610326		0.0019912593998014927
335		0.0019235659080247085		0.0019904973451048136
336		0.0019330298528075218		0.001989694545045495
337		0.0019428974871213238		0.0019888910464942455
338		0.0019217828909556072		0.0019882756751030684
339		0.0019513781104857724		0.0019874912686645985
340		0.0019261972823490698		0.001987271010875702
341		0.0019367560744285583		0.0019870642572641373
342		0.0019374402472749352		0.0019871729891747236
343		0.001953483015919725		0.0019876747392117977
344		0.0019619419472292066		0.0019883483182638884
345		0.001940498632999758		0.0019891660194844007
346		0.001921824839276572		0.0019897082820534706
347		0.0019488133257254958		0.0019898905884474516
348		0.0019599462005620203		0.0019896426238119602
349		0.0019246535763765376		0.00198897672817111
350		0.0019450054581587513		0.001988433999940753
351		0.001975785087173184		0.0019878672901540995
352		0.0019500325433909893		0.0019878007005900145
353		0.0019516552953670423		0.001988309435546398
354		0.001983694965019822		0.0019885716028511524
355		0.0019377874753748376		0.0019889783579856157
356		0.0019368863431736827		0.0019892873242497444
357		0.0019791347440332174		0.0019894996657967567
358		0.0019437183703606327		0.001989570213481784
359		0.001961364566038052		0.0019895746372640133
360		0.0019563803604493537		0.001989757176488638
361		0.0019697873309875527		0.0019897392485290766
362		0.0019359994524468978		0.0019899264443665743
363		0.0019479705176005762		0.001990033546462655
364		0.001960056717507541		0.0019900838378816843
365		0.001941920374520123		0.0019897816237062216
366		0.001942340595026811		0.0019895376171916723
367		0.0019615875013793507		0.001989266136661172
368		0.0019281439017504454		0.0019893127027899027
369		0.0019516496686264873		0.0019896295852959156
370		0.0019521042704582214		0.001989843090996146
371		0.001980804760629932		0.0019901366904377937
372		0.0019506874959915876		0.001990560907870531
373		0.0019379516209786136		0.0019908775575459003
374		0.0019439630753671129		0.0019913585856556892
375		0.0019489626477782924		0.001991730183362961
376		0.0019563620056336126		0.001992014469578862
377		0.0019379700145994623		0.001992154400795698
378		0.0019394799213235576		0.001992193516343832
379		0.0019333044765517116		0.0019923048093914986
380		0.0019394441042095423		0.001992203760892153
381		0.001955550901281337		0.0019921092316508293
382		0.0019628213873753944		0.001992042176425457
383		0.0019456805506100257		0.0019921029452234507
384		0.0019501729014640052		0.0019921192433685064
385		0.001953125737297038		0.0019920989871025085
386		0.001954447478055954		0.0019921311177313328
387		0.0019385746757810314		0.0019921555649489164
388		0.0019395614896590512		0.0019921252969652414
389		0.0019660415903975568		0.0019920719787478447
390		0.0019497857429087162		0.0019920500926673412
391		0.0019272187103827794		0.001991946715861559
392		0.0019441576053698857		0.001991948112845421
393		0.0019533156882971525		0.001991815399378538
394		0.0019648782132814326		0.0019917653407901525
395		0.001967284750814239		0.001991841709241271
396		0.001945621023575465		0.0019919793121516705
397		0.0019421749360238512		0.0019920645281672478
398		0.0019383766921237111		0.001992178615182638
399		0.0019408171065151691		0.001992275472730398
400		0.0019436274111891787		0.001992428908124566
401		0.001924484424913923		0.0019924903754144907
402		0.001914661843329668		0.0019925807137042284
403		0.0019339119705061119		0.0019925751257687807
404		0.0020074808659652867		0.0019925180822610855
405		0.0019515560707077384		0.001992505043745041
406		0.001973209514593085		0.0019924722146242857
407		0.0019429832852135103		0.001992433797568083
408		0.0019283555448055267		0.0019923204090446234
409		0.001954904291778803		0.0019921702332794666
410		0.0019450940114135544		0.0019920929335057735
411		0.0019366381457075477		0.0019919255282729864
412		0.001949189929291606		0.001991776516661048
413		0.001937544244962434		0.00199168361723423
414		0.0019471181246141593		0.00199166894890368
415		0.001954264900026222		0.0019916812889277935
416		0.0019502369686961174		0.001991729950532317
417		0.0019413760164752603		0.001992032630369067
418		0.0019236020743846893		0.001992251258343458
419		0.0019430657460664709		0.001992357661947608
420		0.0019311079910645883		0.001992457080632448
421		0.0019453685187424223		0.00199251901358366
422		0.001956019977418085		0.0019924992229789495
423		0.001955570808301369		0.001992573495954275
424		0.0019680411787703633		0.0019925895612686872
425		0.001966032199561596		0.001992650795727968
426		0.0019125298131257296		0.0019927287939935923
427		0.001930542600651582		0.0019927569665014744
428		0.0019576181657612324		0.001992681995034218
429		0.0019568527350202203		0.0019924985244870186
430		0.001933985933040579		0.0019923134241253138
431		0.0019605755417918167		0.0019921481143683195
432		0.0019324984556684892		0.00199200795032084
433		0.0019410279346629977		0.0019918831530958414
434		0.001951225063142677		0.001991785131394863
435		0.0019131993564466636		0.001991703175008297
436		0.0019477918976917863		0.001991630531847477
437		0.0019285278394818306		0.0019915448501706123
438		0.0019148671999573708		0.0019914840813726187
439		0.001943147003961106		0.001991463825106621
440		0.0019493021924669545		0.001991515513509512
441		0.0019362577392409246		0.0019915387965738773
442		0.001958009360047678		0.0019916235469281673
443		0.0019374028779566288		0.001991682220250368
444		0.0019365717889741063		0.001991754863411188
445		0.001973152548695604		0.001991779776290059
446		0.0019372476963326335		0.001991762313991785
447		0.001927187549881637		0.0019916847813874483
448		0.0019667389569804072		0.0019916375167667866
449		0.0019487531778092186		0.001991616329178214
450		0.001978118515883883		0.0019916128367185593
451		0.001977741795902451		0.0019916710443794727
452		0.0019228306676571567		0.0019917157478630543
453		0.0019390865539511044		0.00199179258197546
454		0.001945904844130079		0.001991861965507269
455		0.0019649789513399205		0.0019918717443943024
456		0.0019850163953378797		0.001991883385926485
457		0.0019445645545298855		0.001991890138015151
458		0.0019484657095745206		0.001991827506572008
459		0.0019389490674560268		0.0019917478784918785
460		0.0019461306122442086		0.0019917297177016735
461		0.0019576846777151027		0.0019917418248951435
462		0.0019751569100966058		0.001991827506572008
463		0.001964476192370057		0.001991886645555496
464		0.0019455664635946353		0.0019919476471841335
465		0.0019514518013844888		0.001991972792893648
466		0.0019340389020120103		0.0019919518381357193
467		0.0019404291330526273		0.0019919206388294697
468		0.001977036513077716		0.0019919408950954676
469		0.001948812510818243		0.001991939963772893
470		0.0019415990682318807		0.001991892233490944
471		0.0019523433487241466		0.001991827739402652
472		0.0019261270839100082		0.001991771860048175
473		0.001938093996917208		0.001991706434637308
474		0.001931168798667689		0.001991654047742486
475		0.001959482169089218		0.0019916219171136618
476		0.001925443687165777		0.00199162308126688
477		0.001938070054166019		0.001991622382774949
478		0.0019339340118070443		0.001991596072912216
479		0.0019462750448534887		0.001991591416299343
480		0.00192910044764479		0.0019916140008717775
481		0.001918824117941161		0.001991640543565154
482		0.0019322875111053388		0.001991675002500415
483		0.0019674610812216997		0.00199171737767756
484		0.0019407096939782302		0.0019917297177016735
485		0.0019271955437337358		0.001991686411201954
486		0.001931198756210506		0.0019916370511054993
487		0.0019692778199290237		0.001991609577089548
488		0.0019261311584462721		0.00199158675968647
489		0.0019030352511132758		0.0019915627781301737
490		0.0019671730309103927		0.001991547644138336
491		0.0019498813198879361		0.0019915353041142225
492		0.001947352623877426		0.001991520170122385
493		0.0019646575286363563		0.001991499215364456
494		0.0019152512152989705		0.001991486642509699
495		0.001954308905017873		0.001991487108170986
496		0.0019287142592171829		0.001991469645872712
497		0.001975709921680391		0.001991456374526024
498		0.001961343417254587		0.001991426106542349
499		0.0019327774255846937		0.001991406548768282
500		0.001940088967482249		0.001991398399695754
501		0.00196408088474224		0.0019913858268409967
502		0.0019614337167392173		0.0019913772121071815
503		0.0019433062213162582		0.001991362776607275
504		0.0019602192721019187		0.0019913469441235065
505		0.001955194165930152		0.001991329248994589
506		0.0019431012915447354		0.001991335768252611
507		0.001955308330555757		0.0019913301803171635
508		0.0019569043458128967		0.001991323195397854
509		0.0019537483264381685		0.001991327153518796
510		0.001958897764173647		0.00199131784029305
511		0.0019526846784477432		0.0019913080614060163
512		0.0019323188268269103		0.001991311786696315
513		0.001956323666187624		0.001991309691220522
514		0.0019490215151260297		0.0019913259893655777
515		0.001964085657770435		0.0019913287833333015
516		0.0019333585708712537		0.001991317607462406
517		0.0019258986770485838		0.0019912959542125463
518		0.00196029560174793		0.0019912838470190763
519		0.0019357554071272414		0.001991271274164319
520		0.0019467979048689206		0.001991277327761054
521		0.0019748902413994074		0.0019912838470190763
522		0.0019721688392261663		0.0019912945572286844
523		0.001938624307513237		0.0019913038704544306
524		0.00193282391410321		0.0019913134165108204
525		0.0019625358593960605		0.0019913166761398315
526		0.001970558970545729		0.001991316908970475
527		0.001943539207180341		0.001991300145164132
528		0.0019519154448062181		0.001991305500268936
529		0.0019577425361300507		0.001991305500268936
530		0.001955567471062144		0.0019913027063012123
531		0.001927920849993825		0.0019912964198738337
532		0.0019262736119950812		0.001991293393075466
533		0.0019682128137598434		0.0019912992138415575
534		0.0019534724221254387		0.0019912943243980408
535		0.001949406461790204		0.001991294790059328
536		0.0019395953665177028		0.001991287572309375
537		0.0019613958429545164		0.001991286175325513
538		0.0019510640607525904		0.001991292694583535
539		0.0019304570741951466		0.0019913020078092813
540		0.0019664358890925846		0.0019913078285753727
541		0.0019360568063954513		0.001991314347833395
542		0.0019498625382160146		0.0019913185387849808
543		0.0019540428183972836		0.001991325058043003
544		0.0019314135424792767		0.001991337165236473
545		0.0019317318219691515		0.001991352066397667
546		0.0019508562594031293		0.001991362776607275
547		0.001966196888436874		0.001991367433220148
548		0.0019982793601229787		0.001991371624171734
549		0.001960334756101171		0.001991374883800745
550		0.001940331538207829		0.0019913760479539633
551		0.0019615713972598314		0.001991380238905549
552		0.0019411318159351747		0.0019913790747523308
553		0.0019827166494602957		0.0019913821015506983
554		0.0019293706864118576		0.001991380238905549
555		0.0019275546461964648		0.001991382334381342
556		0.0019337718064586322		0.0019913790747523308
557		0.001929306852010389		0.001991372788324952
558		0.0019295236561447382		0.0019913697615265846
559		0.001948706650485595		0.0019913658034056425
560		0.0019620552581424513		0.001991360681131482
561		0.0019148839249586065		0.001991362078115344
562		0.0019590090572213135		0.0019913609139621258
563		0.0019262596033513546		0.001991358818486333
564		0.0019162651151418686		0.0019913555588573217
565		0.0019359284779056907		0.0019913509022444487
566		0.0019560449679071703		0.0019913483411073685
567		0.001929068084185322		0.00199134717695415
568		0.0019363034904624026		0.001991341356188059
569		0.0019594011828303337		0.001991341821849346
570		0.0019631433921555677		0.001991340657696128
571		0.001967607686916987		0.0019913390278816223
572		0.0019649403790632882		0.0019913362339138985
573		0.0019420045816029112		0.0019913355354219675
574		0.0019259027127797406		0.0019913334399461746
575		0.0019797998247668147		0.001991335302591324
576		0.0019521376040453713		0.001991336001083255
577		0.0019579412570844093		0.0019913348369300365
578		0.0019532612059265375		0.0019913366995751858
579		0.0019549356463054814		0.001991338562220335
580		0.00196371766893814		0.0019913436844944954
581		0.001953733308861653		0.001991347409784794
582		0.001955624398154517		0.001991348573938012
583		0.0019576939521357417		0.0019913469441235065
584		0.001941173259789745		0.0019913495052605867
585		0.0019238715370496113		0.001991353929042816
586		0.0019414168782532215		0.001991352066397667
587		0.0019241119734942913		0.0019913518335670233
588		0.00196305561500291		0.001991351367905736
589		0.0019664026331156492		0.0019913469441235065
590		0.001947892946191132		0.001991347875446081
591		0.0019531657065575323		0.0019913509022444487
592		0.0019643864749620357		0.0019913502037525177
593		0.0019759389106184244		0.001991347409784794
594		0.0019502474848801892		0.0019913457799702883
595		0.0019512751217310627		0.0019913450814783573
596		0.0019422040010492008		0.0019913464784622192
597		0.001955451210960746		0.0019913476426154375
598		0.0019396159720296662		0.0019913483411073685
599		0.001980829363067945		0.001991349272429943
600		0.0019598378567025065		0.001991350669413805
601		0.0019728942619015775		0.001991350669413805
602		0.001977581181563437		0.001991349970921874
603		0.001966531970538199		0.001991349970921874
604		0.0019353650277480483		0.0019913488067686558
605		0.001946188121413191		0.0019913488067686558
606		0.001951803220435977		0.0019913504365831614
607		0.001959385738397638		0.0019913518335670233
608		0.0019537085512032113		0.0019913525320589542
609		0.0019435526725525658		0.0019913548603653908
610		0.001959435719375809		0.0019913536962121725
611		0.0019709426754464707		0.0019913516007363796
612		0.001967067209382852		0.001991345314309001
613		0.0019261844378585617		0.001991343917325139
614		0.0019325238730137546		0.001991342520341277
615		0.0019494560935224097		0.001991339959204197
616		0.0019560877311353884		0.001991339959204197
617		0.0019364631346737344		0.0019913422875106335
618		0.0019410626264289021		0.0019913422875106335
619		0.0019448949412132304		0.00199134205467999
620		0.001965269912034273		0.001991341356188059
621		0.001944198311927418		0.001991341123357415
622		0.001967809279449284		0.0019913404248654842
623		0.0019333565530056755		0.001991341821849346
624		0.0019278092465053003		0.001991342520341277
625		0.001927047308223943		0.001991343917325139
626		0.0019515608825410407		0.0019913441501557827
627		0.0019445765453080337		0.0019913450814783573
628		0.0019519194805373747		0.0019913450814783573
629		0.001941923478928705		0.0019913441501557827
630		0.001944781552689771		0.001991346711292863
631		0.0019667791978766522		0.001991346711292863
632		0.0019865411644180617		0.0019913464784622192
633		0.0019337514725824196		0.0019913469441235065
634		0.0019436160412927468		0.0019913450814783573
635		0.0019354048417881131		0.0019913448486477137
636		0.0019430778920650482		0.001991343917325139
637		0.0019286203508575757		0.0019913434516638517
638		0.0019688269045824804		0.0019913415890187025
639		0.0019463611921916406		0.001991340657696128
640		0.0019492805004119873		0.001991339959204197
641		0.001970090204849839		0.0019913401920348406
642		0.0019477223977446556		0.001991339959204197
643		0.001935258274897933		0.0019913380965590477
644		0.0019449342507869005		0.0019913380965590477
645		0.001976848696358502		0.001991338562220335
646		0.0019663327063123384		0.0019913387950509787
647		0.0019682808003077903		0.001991339959204197
648		0.0019443984686707456		0.001991339959204197
649		0.0019678925164043903		0.001991341123357415
650		0.001960438909009099		0.0019913408905267715
651		0.0019495466258376837		0.0019913415890187025
652		0.001956611250837644		0.0019913422875106335
653		0.0019739248479406037		0.0019913441501557827
654		0.0019649320359652243		0.0019913443829864264
655		0.0019488212031622727		0.001991345314309001
656		0.0019427069152394931		0.0019913450814783573
657		0.0019259675561139982		0.001991345314309001
658		0.0019615329802036285		0.00199134461581707
659		0.0019445092184469104		0.0019913450814783573
660		0.001936238957569003		0.0019913448486477137
661		0.0019596090617900095		0.00199134461581707
662		0.0019676394294947386		0.0019913450814783573
663		0.0019338900844256084		0.0019913443829864264
664		0.0019542770848299065		0.0019913450814783573
665		0.0019160056641946237		0.0019913443829864264
666		0.001938550655419628		0.0019913443829864264
667		0.0019605749209101		0.00199134461581707
668		0.0019223883282393217		0.0019913422875106335
669		0.001945383264683187		0.0019913436844944954
670		0.0019427341952299078		0.0019913436844944954
671		0.001957588247023523		0.0019913441501557827
672		0.0019316740023593109		0.0019913436844944954
673		0.0019415259982148807		0.001991343917325139
674		0.0019825827330350876		0.0019913434516638517
675		0.0019572821523373327		0.001991343218833208
676		0.0019147755034888785		0.001991343218833208
677		0.0019623260789861283		0.0019913434516638517
678		0.0019477322542419036		0.0019913441501557827
679		0.0019764413591474295		0.0019913441501557827
680		0.001959143439307809		0.00199134461581707
681		0.0019517492425317566		0.001991343917325139
682		0.0019151308806613088		0.00199134461581707
683		0.001963970406601826		0.0019913443829864264
684		0.0019498546219741304		0.00199134461581707
685		0.0019226687339444954		0.0019913441501557827
686		0.001925934882213672		0.0019913443829864264
687		0.0019726838606099286		0.001991343917325139
688		0.0019578904223938784		0.0019913441501557827
689		0.0019340002133200567		0.0019913443829864264
690		0.0019657195856173835		0.0019913450814783573
691		0.0019308471431334813		0.001991345314309001
692		0.0019330286498491962		0.001991345314309001
693		0.0019474707854290803		0.0019913448486477137
694		0.0019398968433961272		0.0019913450814783573
695		0.0019662117895980677		0.0019913450814783573
696		0.0019401296352346737		0.0019913450814783573
697		0.0019714755471795797		0.0019913450814783573
698		0.001951268835303684		0.00199134461581707
699		0.001963458644847075		0.00199134461581707
700		0.0019492526383449633		0.00199134461581707
701		0.0019612430284420648		0.0019913448486477137
702		0.0019601748790591955		0.00199134461581707
703		0.0019524922439207633		0.0019913443829864264
704		0.0019264530468111236		0.0019913450814783573
705		0.001953201446061333		0.0019913450814783573
706		0.0019552732507387796		0.0019913450814783573
707		0.0019407211026797693		0.0019913450814783573
708		0.001956587773747742		0.0019913450814783573
709		0.00195932489198943		0.0019913450814783573
710		0.001959993077131609		0.0019913450814783573
711		0.001943360121610264		0.0019913448486477137
712		0.0019524128874763846		0.0019913448486477137
713		0.001933638898966213		0.00199134461581707
714		0.001951091146717469		0.00199134461581707
715		0.001930843999919792		0.00199134461581707
716		0.0019367691517497103		0.001991345314309001
717		0.0019502299837768078		0.0019913448486477137
718		0.0019438073116665084		0.00199134461581707
719		0.0019369316675389807		0.001991345314309001
720		0.0019458245175580184		0.001991345314309001
721		0.0019456321218361456		0.0019913448486477137
722		0.001944922221203645		0.0019913450814783573
723		0.0019286454189568758		0.001991345314309001
724		0.0019953326943020024		0.0019913448486477137
725		0.001963215492044886		0.0019913450814783573
726		0.0019560562213882804		0.0019913450814783573
727		0.0019356384873390198		0.0019913448486477137
728		0.0019318684159467618		0.0019913448486477137
729		0.0019483630312606692		0.00199134461581707
730		0.001956296890663604		0.00199134461581707
731		0.0019253794647132356		0.0019913448486477137
732		0.00193591823335737		0.0019913450814783573
733		0.0019605349904547134		0.0019913450814783573
734		0.0019382996251806617		0.0019913450814783573
735		0.0019766245192537704		0.001991345314309001
736		0.001961597901148101		0.0019913450814783573
737		0.0019288590410724282		0.0019913450814783573
738		0.001946937486839791		0.0019913450814783573
739		0.0019293167473127444		0.00199134461581707
740		0.001944739216317733		0.00199134461581707
741		0.001938451430760324		0.00199134461581707
742		0.001970995799638331		0.00199134461581707
743		0.001975316437892616		0.00199134461581707
744		0.0019743037798131504		0.00199134461581707
745		0.00196585509305199		0.0019913448486477137
746		0.001959682054196795		0.00199134461581707
747		0.001965945897003015		0.00199134461581707
748		0.0019636814249679446		0.0019913450814783573
749		0.00194425069882224		0.0019913448486477137
750		0.0019326907737801473		0.00199134461581707
751		0.0019524218902612727		0.0019913448486477137
752		0.001970949194704493		0.00199134461581707
753		0.0019560942503934107		0.00199134461581707
754		0.0019762606049577394		0.00199134461581707
755		0.0019152895547449589		0.0019913450814783573
756		0.0019158527720719576		0.0019913448486477137
757		0.0019644274919604263		0.0019913448486477137
758		0.0019586511965220175		0.0019913448486477137
759		0.0019158717477694154		0.0019913450814783573
760		0.0019373504134515922		0.0019913450814783573
761		0.0019283594253162544		0.0019913450814783573
762		0.0019368253803501527		0.0019913448486477137
763		0.0019403120192388694		0.0019913448486477137
764		0.001935914857313037		0.0019913450814783573
765		0.0019719138896713653		0.0019913448486477137
766		0.001971774889777104		0.0019913448486477137
767		0.001950839029935499		0.0019913448486477137
768		0.0019453585846349597		0.00199134461581707
769		0.001964899944141507		0.00199134461581707
770		0.001945546440159281		0.00199134461581707
771		0.0019435782839233677		0.00199134461581707
772		0.001970898942090571		0.0019913448486477137
773		0.0019338938873261213		0.0019913448486477137
774		0.0019611255265772343		0.0019913448486477137
775		0.0019194918762271602		0.0019913448486477137
776		0.001968329888768494		0.00199134461581707
777		0.0019395465108876426		0.0019913443829864264
778		0.0019511420590182145		0.00199134461581707
779		0.0019159674799690645		0.00199134461581707
780		0.001954638670819501		0.0019913443829864264
781		0.0019294947851449251		0.00199134461581707
782		0.0019605009195705256		0.00199134461581707
783		0.0019300370865191023		0.00199134461581707
784		0.001956099411472678		0.00199134461581707
785		0.001935528009198606		0.00199134461581707
786		0.0019469726054618757		0.00199134461581707
787		0.0019607628540446362		0.00199134461581707
788		0.0019349743379279971		0.00199134461581707
789		0.0019502150050053995		0.00199134461581707
790		0.0019361816812306643		0.00199134461581707
791		0.0019709723613535366		0.00199134461581707
792		0.0019516030636926491		0.00199134461581707
793		0.0019366982548187177		0.00199134461581707
794		0.0019446681253612041		0.00199134461581707
795		0.0019616938273732862		0.00199134461581707
796		0.0019444591210534175		0.0019913448486477137
797		0.0019512927392497659		0.00199134461581707
798		0.0019655750365927815		0.0019913448486477137
799		0.001957931206561625		0.0019913448486477137
800		0.0019615256072332463		0.00199134461581707
801		0.001933234161697328		0.00199134461581707
802		0.0019555212929844856		0.00199134461581707
803		0.001954119186848402		0.00199134461581707
804		0.0019387668386722605		0.00199134461581707
805		0.0019495523689935605		0.00199134461581707
806		0.0019316494387264054		0.0019913448486477137
807		0.001933029037900269		0.00199134461581707
808		0.0019551386746267476		0.0019913448486477137
809		0.001956611677693824		0.00199134461581707
810		0.0019694647441307702		0.00199134461581707
811		0.0019705728627741337		0.00199134461581707
812		0.001968740369193256		0.00199134461581707
813		0.0019443386311953266		0.0019913448486477137
814		0.0019269681846102078		0.00199134461581707
815		0.0019365032979597647		0.0019913448486477137
816		0.0019484847628821929		0.00199134461581707
817		0.001977180363610387		0.0019913448486477137
818		0.0019523436203598976		0.00199134461581707
819		0.0019478767644613981		0.00199134461581707
820		0.001952089563322564		0.00199134461581707
821		0.0019610346450159946		0.00199134461581707
822		0.0019619211864968142		0.0019913448486477137
823		0.0019302612248187263		0.00199134461581707
824		0.0019374387338757515		0.00199134461581707
825		0.001983780569086472		0.00199134461581707
826		0.0019491777056828141		0.00199134461581707
827		0.0019474580961590011		0.00199134461581707
828		0.0019379693161075313		0.00199134461581707
829		0.0019788808034112058		0.0019913443829864264
830		0.0019598882645368576		0.00199134461581707
831		0.0019572721794247627		0.0019913448486477137
832		0.00192324952998509		0.00199134461581707
833		0.0019482540665194392		0.00199134461581707
834		0.001971190174420675		0.00199134461581707
835		0.001971772910716633		0.00199134461581707
836		0.001975727966055274		0.00199134461581707
837		0.0019527361340199907		0.00199134461581707
838		0.00197046366520226		0.00199134461581707
839		0.001940565921055774		0.0019913448486477137
840		0.0019802916406964264		0.00199134461581707
841		0.0019750449185570083		0.00199134461581707
842		0.0019755304092541337		0.0019913443829864264
843		0.0019437625693778198		0.00199134461581707
844		0.0019452260651936133		0.00199134461581707
845		0.0019517974772801001		0.00199134461581707
846		0.0019110517653947074		0.00199134461581707
847		0.0019610800081864		0.00199134461581707
848		0.0019360835819194715		0.0019913448486477137
849		0.0019472338414440553		0.00199134461581707
850		0.0019426447882627447		0.00199134461581707
851		0.0019339178688824177		0.00199134461581707
852		0.0019585894575963416		0.0019913443829864264
853		0.0019721341862653694		0.00199134461581707
854		0.0019711580825969577		0.00199134461581707
855		0.0019528197202210624		0.00199134461581707
856		0.0019575050876786313		0.00199134461581707
857		0.001988181572717925		0.00199134461581707
858		0.001958810491487384		0.0019913448486477137
859		0.001936378035073479		0.00199134461581707
860		0.0019396661082282662		0.00199134461581707
861		0.0019572999638815722		0.00199134461581707
862		0.0019410037978862722		0.00199134461581707
863		0.0019671356615920863		0.00199134461581707
864		0.0019314734963700175		0.00199134461581707
865		0.001954213211623331		0.00199134461581707
866		0.0019551661098375916		0.00199134461581707
867		0.0019374662855019171		0.00199134461581707
868		0.0019889893398309746		0.0019913448486477137
869		0.00194924542059501		0.0019913448486477137
870		0.0019299179936448734		0.00199134461581707
871		0.001961430573525528		0.00199134461581707
872		0.0019545715379839144		0.00199134461581707
873		0.0019528326423217852		0.00199134461581707
874		0.0019406939779097836		0.00199134461581707
875		0.0019395501585677266		0.00199134461581707
876		0.0019524304661899805		0.0019913448486477137
877		0.0019200978179772694		0.00199134461581707
878		0.001969979532683889		0.00199134461581707
879		0.0019543033946926394		0.0019913448486477137
880		0.001960602200900515		0.00199134461581707
881		0.001961561501957476		0.0019913448486477137
882		0.001939423071841399		0.0019913448486477137
883		0.0019710600997010865		0.00199134461581707
884		0.0019518988362203042		0.00199134461581707
885		0.0019609821029007435		0.00199134461581707
886		0.0019519244475911062		0.00199134461581707
887		0.001956029833915333		0.0019913448486477137
888		0.0019503238921364148		0.00199134461581707
889		0.0019621833538015685		0.00199134461581707
890		0.0019194223374749224		0.00199134461581707
891		0.0019344575703144073		0.00199134461581707
892		0.0019557535803566375		0.0019913448486477137
893		0.0019543157735218606		0.0019913448486477137
894		0.0019498520996421576		0.00199134461581707
895		0.0019598454236984253		0.0019913448486477137
896		0.0019697266397997737		0.00199134461581707
897		0.0019458520303790767		0.00199134461581707
898		0.0019303873414173722		0.00199134461581707
899		0.0019545891943077245		0.00199134461581707
900		0.0019585791742429137		0.0019913448486477137
901		0.0019220096291974187		0.00199134461581707
902		0.0019448304859300454		0.0019913448486477137
903		0.001907434081658721		0.00199134461581707
904		0.0019718659265587726		0.0019913448486477137
905		0.0019562344532459974		0.00199134461581707
906		0.00196657069803526		0.00199134461581707
907		0.0019724073742205897		0.00199134461581707
908		0.0019255961912373702		0.00199134461581707
909		0.0019487768101195495		0.0019913448486477137
910		0.001930092228576541		0.00199134461581707
911		0.0019292856256167095		0.0019913448486477137
912		0.001968201909524699		0.00199134461581707
913		0.001963855349458754		0.00199134461581707
914		0.0019599679314220944		0.00199134461581707
915		0.001959959976375103		0.00199134461581707
916		0.0019491062654803197		0.00199134461581707
917		0.0019114295719191432		0.00199134461581707
918		0.0019456766312941909		0.00199134461581707
919		0.0019621206059431038		0.00199134461581707
920		0.001935279811732471		0.00199134461581707
921		0.0019321045838296413		0.0019913448486477137
922		0.0019635428907349706		0.00199134461581707
923		0.001946563560826083		0.00199134461581707
924		0.001970254505674044		0.00199134461581707
925		0.001943665595414738		0.0019913448486477137
926		0.001927647468013068		0.00199134461581707
927		0.001938962610438466		0.0019913448486477137
928		0.0019578563903147974		0.0019913448486477137
929		0.0019484455697238445		0.00199134461581707
930		0.0019527434681852658		0.00199134461581707
931		0.0019542116982241473		0.0019913448486477137
932		0.0019295192323625088		0.0019913448486477137
933		0.0019440201576799154		0.00199134461581707
934		0.0019581496405104795		0.00199134461581707
935		0.001932151964865625		0.00199134461581707
936		0.0019795348634943366		0.0019913448486477137
937		0.0019390190330644448		0.00199134461581707
938		0.0019341472070664167		0.00199134461581707
939		0.0019509594809884827		0.00199134461581707
940		0.0019494677350545924		0.0019913448486477137
941		0.0019732892978936434		0.00199134461581707
942		0.0019736974888170757		0.00199134461581707
943		0.0019614766739929714		0.00199134461581707
944		0.001932552200742066		0.00199134461581707
945		0.0019307201728224754		0.00199134461581707
946		0.001970621175132692		0.00199134461581707
947		0.0019191169024755557		0.00199134461581707
948		0.0019249068573117256		0.00199134461581707
949		0.0019410556027044852		0.00199134461581707
950		0.0019399637045959632		0.0019913448486477137
951		0.0019588121213018894		0.00199134461581707
952		0.0019730315155660114		0.00199134461581707
953		0.001951589249074459		0.00199134461581707
954		0.001947547037464877		0.00199134461581707
955		0.0019489402572313945		0.00199134461581707
956		0.0019485212008779247		0.0019913448486477137
957		0.0019491386677448948		0.00199134461581707
958		0.00195563988139232		0.00199134461581707
959		0.0019427801792820294		0.00199134461581707
960		0.001922757209589084		0.00199134461581707
961		0.001952489799199005		0.0019913448486477137
962		0.0019403055387859542		0.0019913448486477137
963		0.001938501528153817		0.00199134461581707
964		0.001945233321748674		0.00199134461581707
965		0.0019343626918271184		0.0019913448486477137
966		0.00192113461283346		0.00199134461581707
967		0.0019617206417024136		0.00199134461581707
968		0.0019433406026413043		0.00199134461581707
969		0.0019655800812567272		0.0019913448486477137
970		0.001985389661664764		0.00199134461581707
971		0.0019404443834597866		0.0019913448486477137
972		0.0019669115620975695		0.00199134461581707
973		0.001969233232860764		0.00199134461581707
974		0.0019445247404898207		0.00199134461581707
975		0.0019368919311091304		0.00199134461581707
976		0.001955397194251418		0.0019913448486477137
977		0.0019134500762447715		0.00199134461581707
978		0.001961354437905053		0.00199134461581707
979		0.0019478903074438374		0.00199134461581707
980		0.0019167364419748385		0.0019913448486477137
981		0.0019317689972619216		0.00199134461581707
982		0.0019280729660143454		0.0019913448486477137
983		0.0019336777816837032		0.00199134461581707
984		0.001947928957330684		0.0019913448486477137
985		0.0019523829687386751		0.0019913448486477137
986		0.001959205411064128		0.00199134461581707
987		0.0019453165198986728		0.0019913448486477137
988		0.0019130658668776352		0.0019913448486477137
989		0.0019315053941681981		0.0019913448486477137
990		0.001936011598445475		0.00199134461581707
991		0.0019612508670737347		0.00199134461581707
992		0.001981529096762339		0.0019913448486477137
993		0.0019430642714723945		0.00199134461581707
994		0.0019554346799850464		0.0019913448486477137
995		0.0019977856039380035		0.0019913448486477137
996		0.001955207670107484		0.00199134461581707
997		0.001973698458944758		0.00199134461581707
998		0.0019551286629090705		0.00199134461581707
999		0.001962711646532019		0.00199134461581707
1000		0.0019610902139296136		0.00199134461581707
