0		0.010562759824097157		0.009278143756091595
1		0.010871008969843388		0.00989882554858923
2		0.010971001038948694		0.009850651025772095
3		0.01087554513166348		0.00983195099979639
4		0.010816706034044424		0.00964144803583622
5		0.010638945425550142		0.008643626235425472
6		0.009827717828253904		0.008219100534915924
7		0.009186426798502604		0.007938354276120663
8		0.00896267065157493		0.007191999349743128
9		0.008904540290435156		0.006895346567034721
10		0.007423421988884608		0.006394761148840189
11		0.007128159515559673		0.005812425632029772
12		0.006649648925910394		0.005865774117410183
13		0.006730499832580487		0.005512758623808622
14		0.005702249084909757		0.004920883569866419
15		0.005432404577732086		0.006379485130310059
16		0.006480679692079623		0.005377678200602531
17		0.005550268882264693		0.0066426945850253105
18		0.006922319997102022		0.005328010767698288
19		0.006076437886804342		0.005294955335557461
20		0.005449029617011547		0.004386509768664837
21		0.004898587552209695		0.004398404620587826
22		0.0046308753080666065		0.0043944730423390865
23		0.004304252720127503		0.0040608844719827175
24		0.003981741300473611		0.004676756449043751
25		0.0040692231462647515		0.0034638703800737858
26		0.0037230277278771005		0.004579066298902035
27		0.0045916137751191854		0.004911856260150671
28		0.004722833711033066		0.003944906406104565
29		0.0044843909951547785		0.003922635223716497
30		0.004188930227731665		0.0037902193143963814
31		0.003892407597353061		0.0036640330217778683
32		0.0038671798538416624		0.0037857682909816504
33		0.0037262417996923127		0.0032936353236436844
34		0.003568774942929546		0.003954624757170677
35		0.0038703339329610267		0.003730128053575754
36		0.003601802901054422		0.003698477055877447
37		0.0035515258399148784		0.0038017756305634975
38		0.00394270452670753		0.003663228824734688
39		0.003827550526087483		0.0035371154081076384
40		0.0035508968867361546		0.003603822784498334
41		0.003394962288439274		0.00360282976180315
42		0.003210661622385184		0.0031239488162100315
43		0.0030521232013901076		0.002995045855641365
44		0.003108089712137977		0.002977936062961817
45		0.003133025486022234		0.0029059790540486574
46		0.00308290837953488		0.002892862306907773
47		0.002854588363940517		0.00291134649887681
48		0.002983371571948131		0.0028600022196769714
49		0.0027996964442233243		0.0025685937143862247
50		0.0025550995487719774		0.0023804428055882454
51		0.002364233834668994		0.002204656135290861
52		0.002223409479483962		0.002139693358913064
53		0.002213479640583197		0.001932572340592742
54		0.0020179240188250938		0.0016028836835175753
55		0.0020802182455857596		0.0020486065186560154
56		0.0018759154481813312		0.001348257646895945
57		0.0014547841856256127		0.0010651441989466548
58		0.0011902660286674898		0.00127275416161865
59		0.0012389554564530651		0.0012742665130645037
60		0.0012454187963157892		0.00093631207710132
61		0.0011417306571577985		0.0011013518087565899
62		0.0009886845752286415		0.0009619086049497128
63		0.0009241433969388405		0.0007960569928400218
64		0.0007851960447927316		0.0007304123137146235
65		0.0007152973557822406		0.0009626884129829705
66		0.000801587593741715		0.0005936340312473476
67		0.000634210843903323		0.0005986575270071626
68		0.0005819331660556296		0.00048339954810217023
69		0.0005438912000196675		0.000375044415704906
70		0.00044220810135205585		0.0004903689259663224
71		0.00047712947707623243		0.00039828039007261395
72		0.00047016206857127446		0.0004308365168981254
73		0.0004751922097057104		0.0004500462091527879
74		0.00044763330758238834		0.0004721393925137818
75		0.0004960079580390205		0.0004587654257193208
76		0.0005127604526933283		0.0006226128316484392
77		0.0006372514956941208		0.0008111494826152921
78		0.0006377265090122819		0.0005343941738829017
79		0.0004931375539551178		0.00039271573768928647
80		0.0005575670511461794		0.0005281980847939849
81		0.0005372270825318992		0.000659654731862247
82		0.0006166174231717984		0.00027222788776271045
83		0.0006254311689796547		0.0007407329976558685
84		0.0007481201319023967		0.0007468502735719085
85		0.0006509403174277395		0.000383282225811854
86		0.0005475422076415271		0.0005478810053318739
87		0.0005763880132387081		0.0005621084710583091
88		0.0005605670933922132		0.0006175994058139622
89		0.0005595468149598067		0.0007753005484119058
90		0.0007166522167002162		0.0006219825590960681
91		0.0005185102830485752		0.0004797321162186563
92		0.0004848808069558193		0.0003452835080679506
93		0.0003793608824101587		0.00039755174657329917
94		0.00038621193380095065		0.0003073835396207869
95		0.0003246742320091774		0.0002469801693223417
96		0.00029578492588674027		0.00034208010765723884
97		0.000362254970241338		0.0003294860362075269
98		0.00036494224332273006		0.00021714132162742317
99		0.0002819403210499634		0.00025272226775996387
100		0.0002490817569196224		0.00022692793572787195
101		0.00024037358040610948		0.00022766103211324662
102		0.00024210357029611865		0.00021283728710841388
103		0.00027830532053485513		0.00027298348140902817
104		0.0002676674339454621		0.00027349829906597733
105		0.00025707587095287937		0.000177978741703555
106		0.00023844837657331178		0.00020878548093605787
107		0.0002266373388313999		0.00025161757366731763
108		0.00025348916339377564		0.00026386912213638425
109		0.00025582389207556844		0.00025511026615276933
110		0.0002795446295446406		0.0002541733847465366
111		0.00023617882106918842		0.00025343074230477214
112		0.00024125978234224021		0.00022634788183495402
113		0.0002395067955755318		0.0001975516352104023
114		0.00021246254133681455		0.00021350909082684666
115		0.0002177467783136914		0.00018113355326931924
116		0.00020570300694089383		0.00017969287000596523
117		0.00020484002986146757		0.00017472379840910435
118		0.00022016118358199796		0.00017447976279072464
119		0.00020792266392769912		0.00018499227007851005
120		0.00018558027416778108		0.0001739106373861432
121		0.000203753326786682		0.0001671927748247981
122		0.00020199102194358906		0.00016602696268819273
123		0.00018530036322772503		0.00016111248987726867
124		0.0001915906420132766		0.00016431773838121444
125		0.00019924314013527086		0.00014932047633919865
126		0.00017316752928309143		0.0001556421775603667
127		0.00017782098924120268		0.00014854929759167135
128		0.0001928035586994762		0.00015060686564538628
129		0.00019799319852609187		0.00020634554675780237
130		0.00023577249279090515		0.0001495665346737951
131		0.0002031674375757575		0.00014929745520930737
132		0.0002012174615326027		0.0002592999371699989
133		0.00023037331508627781		0.0001716045953799039
134		0.0002199195441789925		0.00017157295951619744
135		0.0002091552111475418		0.00018209991685580462
136		0.00019698875257745385		0.0002161834272556007
137		0.00021817735493338356		0.00015419279225170612
138		0.00020255917722048858		0.00021088575886096805
139		0.0002298324106959626		0.00024414778454229236
140		0.00023166242074997476		0.0001501645310781896
141		0.00022704716441997638		0.00014957069652155042
142		0.00020305613967745254		0.00024788250448182225
143		0.00023142831438841918		0.00018250240827910602
144		0.00019326182276320955		0.00015386712038889527
145		0.0001784193057877322		0.00019275883096270263
146		0.00019489901508980742		0.00015112050459720194
147		0.0001768277579685673		0.0001638324320083484
148		0.00018533091739906618		0.00014901300892233849
149		0.00016955608831873784		0.00016183174739126116
150		0.00015543445382112017		0.000141484837513417
151		0.00016211853653658181		0.0001385407813359052
152		0.0001603337829389299		0.00013425303041003644
153		0.0001569632392299051		0.0001504869433119893
154		0.00016328396062211445		0.0001371896651107818
155		0.0001695591490715742		0.00015060219448059797
156		0.00016336400585714728		0.0001431011187378317
157		0.00016547952448793998		0.00017930890317074955
158		0.00018326303203745434		0.00015422927390318364
159		0.0001622417476028204		0.00013559787475969642
160		0.00015651706780772656		0.0001403282512910664
161		0.00014516895559305945		0.00012906425399705768
162		0.00015071461772701392		0.00013077660696581006
163		0.00013982430876543125		0.00014050489699002355
164		0.00014363466470967978		0.00013998486974742264
165		0.00015853224613238126		0.00012758301454596221
166		0.00015108219910568246		0.00014267547521740198
167		0.0001538030046503991		0.00013771577505394816
168		0.00014843640383332968		0.00012883092858828604
169		0.00015180090364689627		0.00014239284791983664
170		0.00014185278268996626		0.0001417396415490657
171		0.0001434618364631509		0.00012710000737570226
172		0.00014958102353072414		0.000138652409077622
173		0.00015818751126062125		0.00013422536721918732
174		0.0001541740978912761		0.00013024016516283154
175		0.0001414885167226506		0.00012591971608344465
176		0.00014341544980804125		0.000130996442749165
177		0.0001380159543865981		0.00013426494842860848
178		0.00014728907747970274		0.0001262730802409351
179		0.00014773806712279716		0.00012448651250451803
180		0.00015215192494603494		0.00012910758960060775
181		0.00013691293618952235		0.0001254307571798563
182		0.00015253741488171121		0.00012370050535537302
183		0.00014320522799001387		0.00013063523510936648
184		0.0001378199910201753		0.00013521683285944164
185		0.0001473233278375119		0.00013233890058472753
186		0.00014883534943995377		0.00012740911915898323
187		0.00013464743824442849		0.00012638853513635695
188		0.00013077147256505364		0.00012667123519349843
189		0.00013892560188348094		0.00012854632223024964
190		0.00013166971136039743		0.00012583228817675263
191		0.00014203018023787686		0.00012813525972887874
192		0.00014402477245312184		0.00013029255205765367
193		0.0001408596581313759		0.00012586056254804134
194		0.00013267938629724085		0.00012045266339555383
195		0.00014302286338837197		0.00012342038098722696
196		0.00013672297063749284		0.0001253244117833674
197		0.0001401858899043873		0.0001241929567186162
198		0.00013203238874363402		0.00012158929166616872
199		0.00013983450480736792		0.00011997053661616519
200		0.00014158135551648834		0.0001253315422218293
201		0.000135459762532264		0.0001239534467458725
202		0.00015347924878975996		0.00012549330131150782
203		0.00013622282616173229		0.00012020449503324926
204		0.00013453908225831887		0.00011971664207521826
205		0.00013902938129225126		0.00011986210301984102
206		0.00013794794601077834		0.00012237750343047082
207		0.0001423048524884507		0.00012399128172546625
208		0.00013278993234659234		0.00012669074931181967
209		0.00013336110472058257		0.00012544113269541413
210		0.00013473928750803074		0.00012450416397769004
211		0.0001386625129574289		0.00011841216473840177
212		0.00013216076088914028		0.00011938170791836455
213		0.00013317103002918884		0.0001219989062519744
214		0.00014655677659902722		0.00012539781164377928
215		0.00013247624641129127		0.0001257263938896358
216		0.00013497614903220287		0.00012639930355362594
217		0.0001429835344121481		0.00012211239663884044
218		0.00013264172594062984		0.00012145854998379946
219		0.00014055485371500254		0.00012392026837915182
220		0.00013669526864153644		0.00012666149996221066
221		0.00013150734594091773		0.00012180337216705084
222		0.00014071639452595264		0.00012024932948406786
223		0.0001372963209481289		0.00011962014832533896
224		0.00013084396778140217		0.00012108679220546037
225		0.00013585578805456558		0.00012383234570734203
226		0.00012568121019285172		0.00012013765081064776
227		0.0001358795998385176		0.0001172959673567675
228		0.00013690641693150005		0.00011763483053073287
229		0.00013461541675496846		0.0001232973881997168
230		0.00013552877984087294		0.00012362358393147588
231		0.00013483107128801444		0.00012074076948920265
232		0.00013482737995218486		0.00011470220488263294
233		0.00012890896808433658		0.0001147970324382186
234		0.00013509663889029375		0.0001198094614665024
235		0.0001377618076124539		0.00012105278437957168
236		0.00012848236656282097		0.00012197370961075649
237		0.00013622508170859268		0.00012183361104689538
238		0.00013711704135251543		0.00012032187078148127
239		0.00013904283211256066		0.00011835177429020405
240		0.00012834343457749733		0.00011748814722523093
241		0.00013605072308564559		0.00011860286758746952
242		0.00012707204587059096		0.00011969880142714828
243		0.00013744153451019278		0.000119907854241319
244		0.00013678516067254046		0.00012282162788324058
245		0.00013333411576847234		0.00012114966375520453
246		0.00013568988166904697		0.00012049392535118386
247		0.00013349566628069928		0.00012043738388456404
248		0.00013381286892884722		0.00011946976883336902
249		0.0001292715654320394		0.0001197434394271113
250		0.0001271937993199875		0.00011987070320174098
251		0.00012992486881557852		0.00011911483306903392
252		0.0001420848857378587		0.00012114962737541646
253		0.0001347436870370681		0.00012121123290853575
254		0.00013351983216125518		0.00012002660514554009
255		0.00012036044548343246		0.00011853079922730103
256		0.00013612753537017852		0.00011664503836072981
257		0.00013269865788364163		0.00011702127812895924
258		0.0001206077746852922		0.00011764107330236584
259		0.00012798284296877682		0.00011875018390128389
260		0.0001243990312408035		0.00011905575956916437
261		0.00013017783930990845		0.00011879618978127837
262		0.00012861685051272312		0.00011755041487049311
263		0.00012669556599576026		0.00011649083899101242
264		0.0001228725741384551		0.00011637175339274108
265		0.00013091382667577514		0.00011624646140262485
266		0.00012469329764523232		0.0001160530373454094
267		0.00012415258485513428		0.00011511522461660206
268		0.0001224732162275662		0.00011627212370513007
269		0.00013397125682483116		0.00011863041436299682
270		0.00012876663822680712		0.00011858082871185616
271		0.0001352882682112977		0.0001181805127998814
272		0.00013235162138395631		0.0001175790312117897
273		0.00012782260212892046		0.00011611198715399951
274		0.00012412756768753752		0.00011581920989556238
275		0.00013015161190802851		0.00011692029511323199
276		0.00012876013352070004		0.000117751958896406
277		0.00013817308839255324		0.00011752259160857648
278		0.00012838172551710159		0.0001173823038698174
279		0.0001263082231162116		0.00011890944733750075
280		0.0001288691249404413		0.00011818457278423011
281		0.00012334711694469055		0.00011689194798236713
282		0.0001257456218202909		0.00011690954852383584
283		0.00013521377695724368		0.00011741086200345308
284		0.00012421888823155314		0.00011568914487725124
285		0.00012490394389412055		0.00011491405894048512
286		0.00012266231109000122		0.00011630324297584593
287		0.00013130137813277543		0.00011803110101027414
288		0.00013221814394152412		0.00011796112812589854
289		0.00012601750495377928		0.00011865078704431653
290		0.00013342589469781765		0.0001194689903059043
291		0.00012876177788712084		0.00011932142660953104
292		0.000129975080199074		0.00011839917715406045
293		0.00013034670458485684		0.00011680938769131899
294		0.00012392967619234696		0.00011510897456901148
295		0.00014166532976863286		0.00011400922812754288
296		0.00013238232349976897		0.00011451356112957001
297		0.00011913088868216921		0.00011501168773975223
298		0.0001367015599195535		0.00011554927914403379
299		0.00012811080766065666		0.00011620737495832145
300		0.00012592658458743244		0.00011687479127431288
301		0.00013544918328989297		0.00011653326509986073
302		0.0001315630409711351		0.0001163675042334944
303		0.00012864466892400137		0.00011605149484239519
304		0.00012084333381305139		0.00011604066094150767
305		0.00013209907774580643		0.00011570216884138063
306		0.00012326026141333082		0.00011529582843650132
307		0.0001285686763973596		0.00011479781096568331
308		0.00012419507402228191		0.0001147334260167554
309		0.00012618481802443662		0.00011484605784062296
310		0.00012648062208124125		0.00011527664901223034
311		0.00012506401496163258		0.00011584967433009297
312		0.000130878261794957		0.00011621462181210518
313		0.0001284201158947932		0.00011615844414336607
314		0.00013428386106776694		0.00011513150093378499
315		0.00012381439834522703		0.00011480302782729268
316		0.0001263690646737814		0.00011486590665299445
317		0.00012878210448737568		0.00011536282545421273
318		0.00012444598542060703		0.0001153216217062436
319		0.0001328755849196265		0.00011487631127238274
320		0.00012367994592447454		0.00011489536700537428
321		0.00012964094639755785		0.0001151721371570602
322		0.00012707254306102792		0.00011573988012969494
323		0.00011985668485673766		0.00011583716695895419
324		0.00012707541948960474		0.00011566186731215566
325		0.00013054134615231305		0.00011594616080401465
326		0.00012632036183883125		0.00011657317372737452
327		0.0001328261278104037		0.00011698808521032333
328		0.00012343246877814332		0.0001167103328043595
329		0.00013167432189220563		0.00011641383753158152
330		0.0001277662522625178		0.00011604389874264598
331		0.00012784481805283576		0.00011593732051551342
332		0.00012788161499580988		0.00011586077744141221
333		0.00012345617627336955		0.00011589012137847021
334		0.00013186046271584928		0.00011562301369849592
335		0.00012372549584445855		0.00011532445205375552
336		0.0001265803633335357		0.00011534664372447878
337		0.0001288412167923525		0.00011518580868141726
338		0.00012795434546812126		0.00011520225962158293
339		0.00012659646745305508		0.00011537507816683501
340		0.00012962550681550056		0.00011541084677446634
341		0.00013341136946110055		0.0001156214639195241
342		0.00012562366706940034		0.00011592645023483783
343		0.00012768336697869623		0.00011589913628995419
344		0.0001249858808781331		0.00011591271322686225
345		0.00012405346690987548		0.0001156519865617156
346		0.000140263398255532		0.0001155833451775834
347		0.00013584544649347663		0.00011590231588343158
348		0.00012530750245787203		0.0001162833214038983
349		0.0001192017177042241		0.00011624836770351976
350		0.00012423100997693837		0.00011617462587310001
351		0.00012476422368005538		0.00011608691420406103
352		0.00013376295585961392		0.00011601376172620803
353		0.00012191877370545019		0.00011612894741119817
354		0.00012916286990124112		0.00011600395373534411
355		0.0001312757667619735		0.00011568526679184288
356		0.0001286545472491222		0.0001155192730948329
357		0.0001199306279886514		0.00011545573943294585
358		0.0001350911819220831		0.00011560700659174472
359		0.00013586477628753832		0.00011602843733271584
360		0.00012657109376353523		0.00011636057024588808
361		0.00013378574415886155		0.00011640540469670668
362		0.00012349962586692223		0.00011614061804721132
363		0.00012795223786573237		0.00011583609011722729
364		0.00013019467102518925		0.0001156714279204607
365		0.00013779895865203193		0.00011578988051041961
366		0.00013223074590011188		0.00011600913421716541
367		0.00012446945280923197		0.00011606975749600679
368		0.0001289813759891937		0.00011601057485677302
369		0.00012259625752146044		0.00011564782471396029
370		0.00012636279522363716		0.00011527879541972652
371		0.00013418817737450203		0.00011511714546941221
372		0.0001396508475105899		0.00011513178469613194
373		0.000125697467107481		0.00011516634549479932
374		0.0001346710923826322		0.00011526427988428622
375		0.00013187425308084735		0.00011558087862795219
376		0.00013538280715389797		0.0001156575744971633
377		0.00012665645772358403		0.0001156472135335207
378		0.0001235013575448344		0.00011551395436981693
379		0.00012530432528971383		0.0001155229183495976
380		0.00012588765093823895		0.00011554481170605868
381		0.00012312204974781102		0.00011557969264686108
382		0.00012418874393915758		0.00011558002734091133
383		0.00012466867580466592		0.00011563381121959537
384		0.00012308105457729349		0.00011565467866603285
385		0.00012909820361528546		0.00011566843750188127
386		0.0001271287959146624		0.00011569361959118396
387		0.00013497395169300339		0.00011555943638086319
388		0.00012922568324332437		0.00011541109415702522
389		0.00012841010660243532		0.00011527489550644532
390		0.00013028341830552867		0.0001151574106188491
391		0.00012744704630070677		0.00011516475933603942
392		0.00012831262574763969		0.00011523415014380589
393		0.00013337958080228418		0.00011533961514942348
394		0.00013659858086612076		0.00011538187391124666
395		0.00012247768609086052		0.00011543623259058222
396		0.00012438716172861555		0.00011548611655598506
397		0.00013767453007555255		0.00011552323121577501
398		0.00013561860638825843		0.00011545641609700397
399		0.00013390287009921545		0.00011550975614227355
400		0.00013232284254627302		0.00011557983089005575
401		0.00012959950011766827		0.00011564872693270445
402		0.00012404346731879437		0.00011568698391783983
403		0.00013151916694672158		0.00011562969302758574
404		0.0001261466920065383		0.00011562483268789947
405		0.00012312346613422656		0.00011559508129721507
406		0.00011986293732964744		0.0001155058344011195
407		0.00012281289188346514		0.00011543857544893399
408		0.00012892528320662677		0.00011533292126841843
409		0.00013652089304135492		0.0001152240001829341
410		0.00013173061597626656		0.00011522683780640364
411		0.0001273663704826807		0.00011527445167303085
412		0.00012136544197952996		0.00011531487689353526
413		0.00012100547125252585		0.00011534481018316001
414		0.00012475831560247266		0.00011533806537045166
415		0.00013450183905661106		0.00011527953756740317
416		0.00012758896385397142		0.00011523468128871173
417		0.00013025600249723843		0.00011522317072376609
418		0.00012737762396379063		0.00011529705079738051
419		0.0001258792084020873		0.00011529028415679932
420		0.00012524547491921112		0.00011530578194651753
421		0.00012907777030098563		0.00011533009819686413
422		0.00012900539149995893		0.00011536396777955815
423		0.00012671870596629256		0.00011541346611920744
424		0.00012494838544322798		0.00011547667963895947
425		0.00012579537239313746		0.00011550771159818396
426		0.00012592880375450477		0.0001155630307039246
427		0.00012863380349396417		0.00011553183139767498
428		0.00013588064757641405		0.00011549881310202181
429		0.00013335759043305492		0.00011550500494195148
430		0.00012093217325552057		0.00011552852811291814
431		0.00013457186044737077		0.00011556935351109132
432		0.00012929543542365232		0.00011558208643691614
433		0.00012656618006682643		0.00011555170203791931
434		0.00013361758222648254		0.00011554255615919828
435		0.00012667047121794894		0.00011556186655070633
436		0.0001355539910340061		0.00011557871766854078
437		0.0001221202255692333		0.00011559732956811786
438		0.00012725471848777184		0.00011558936239453033
439		0.00013444422802422196		0.00011561270366655663
440		0.00012825760738148043		0.00011564853048184887
441		0.00013297966991861662		0.00011564913438633084
442		0.00012844018298589313		0.00011561947758309543
443		0.00012177126336609945		0.00011557788820937276
444		0.00012603389526096484		0.00011553370859473944
445		0.00013416191116751483		0.00011547969188541174
446		0.00012154499321089436		0.00011545557208592072
447		0.0001319646010718619		0.00011541281855897978
448		0.00013103933209398141		0.00011537068348843604
449		0.00012671192719911536		0.0001153314660768956
450		0.00013206729636294767		0.00011533758515724912
451		0.0001344491150424195		0.00011534610530361533
452		0.00012859270403472087		0.00011536176316440105
453		0.00012693839865581444		0.00011540497507667169
454		0.00012964699029301605		0.00011544416338438168
455		0.00012723917219166955		0.00011548632755875587
456		0.000134533824166283		0.0001155207137344405
457		0.00013945434572330365		0.00011556006938917562
458		0.0001318822275303925		0.00011559702397789806
459		0.00012814566919890544		0.00011562637519091368
460		0.00012860340939369053		0.00011564415035536513
461		0.00011851564825822909		0.00011566688772290945
462		0.0001256395383582761		0.00011567615729290992
463		0.0001236451911002708		0.00011567841283977032
464		0.00013881094976871586		0.00011567369801923633
465		0.00012848945334553719		0.0001156805083155632
466		0.00013473623160583278		0.00011568803893169388
467		0.00013632365880766883		0.00011569377966225147
468		0.00013198866023837277		0.00011570577044039965
469		0.00013231834357914826		0.00011571083450689912
470		0.00013079317189597836		0.0001157243168563582
471		0.00013138804448923716		0.0001157470396719873
472		0.0001254725139006041		0.00011575820826692507
473		0.00012403163903703293		0.00011575964163057506
474		0.00013968673980950067		0.0001157464284915477
475		0.00012365146540105343		0.00011572760558919981
476		0.00012749781065698093		0.0001156985672423616
477		0.00012941040525523326		0.00011566514876903966
478		0.00013021376313796887		0.00011562416329979897
479		0.00013080703502055258		0.00011559585254872218
480		0.00013517323532141745		0.00011558271216927096
481		0.00012161345754672463		0.00011558325059013441
482		0.00013174759806133807		0.00011557921243365854
483		0.00013273512498320392		0.00011556202662177384
484		0.00013534561245857427		0.00011553428339539096
485		0.00012345469682865465		0.00011550649651326239
486		0.00013126341946190223		0.00011547870963113382
487		0.0001366974101983942		0.00011546257155714557
488		0.00012712446429456273		0.00011547514441190287
489		0.00013742730758773783		0.00011549897317308933
490		0.00013043500560646257		0.00011552213982213289
491		0.00013440194500920674		0.00011553525109775364
492		0.00012601650329694772		0.00011554512457223609
493		0.00012871773894100139		0.00011555206583580002
494		0.0001291436249933516		0.00011555558012332767
495		0.00012574266293086112		0.0001155586724053137
496		0.00012184535444248468		0.00011555422679521143
497		0.0001314609447338929		0.00011553845251910388
498		0.00013001466383381435		0.00011552633804967627
499		0.00012185240484541282		0.00011551570059964433
500		0.00012936079292558134		0.0001155082936747931
501		0.00012403481135455272		0.00011549164628377184
502		0.0001261003029261095		0.00011548342445166782
503		0.00012236837937962264		0.0001154564815806225
504		0.00012412152136676013		0.0001154461715486832
505		0.0001288091055660819		0.00011543390428414568
506		0.00013197959924582392		0.00011542823631316423
507		0.00013573542188775414		0.00011542350694071501
508		0.00013737938328025243		0.00011542250285856426
509		0.00012018192743804927		0.00011540838022483513
510		0.00012729210720863193		0.00011539973638718948
511		0.00012446050823200494		0.00011539475963218138
512		0.00012142647271199773		0.00011538450780790299
513		0.00013515311972393343		0.0001153810226242058
514		0.00012849425790288174		0.00011537547106854618
515		0.00013040632863218585		0.00011536551755852997
516		0.00014121805240089694		0.00011536508100107312
517		0.00012713884158680835		0.00011536186502780765
518		0.00012133579972820978		0.00011535718658706173
519		0.00012185364418352644		0.0001153629636974074
520		0.00012294305876518288		0.0001153680423158221
521		0.00012174638201637815		0.0001153768171207048
522		0.00012489882161996016		0.00011538714898051694
523		0.00012576667359098792		0.00011538811668287963
524		0.0001239805278601125		0.00011538514081621543
525		0.00013518554381638145		0.00011537788668647408
526		0.00012869731532797837		0.0001153727644123137
527		0.0001280933890181283		0.00011536995589267462
528		0.00012115043500671163		0.00011537190584931523
529		0.00013296537993786237		0.00011537166574271396
530		0.00012543448732079318		0.00011536946840351447
531		0.00012348092423053458		0.00011536761303432286
532		0.0001343726326012984		0.00011536425881786272
533		0.00012525221488128105		0.00011535757221281528
534		0.00013613751070806757		0.00011535571684362367
535		0.00012704027176368982		0.00011536326201166958
536		0.0001233317525475286		0.00011536863166838884
537		0.00012861971966534233		0.00011536930105648935
538		0.00012148094538133591		0.00011537734826561064
539		0.00012408300487246984		0.0001153829725808464
540		0.00012723413237836212		0.00011538323451532051
541		0.00013488189627726874		0.00011537985847098753
542		0.00012595346197485924		0.0001153746125055477
543		0.00012755624387258044		0.00011536909005371854
544		0.00013364606274990365		0.00011536815145518631
545		0.00012615126130792		0.00011536821693880484
546		0.00011854758486151695		0.00011535884550539777
547		0.0001262848333378012		0.00011535659723449498
548		0.0001313559405389242		0.00011535531666595489
549		0.00012504681702315187		0.00011535319936228916
550		0.00012510335363913327		0.00011534902296261862
551		0.0001294389027558888		0.00011534657096490264
552		0.0001306900327714781		0.00011534734949236736
553		0.00012960189875836173		0.00011534990335348994
554		0.00012124533532187343		0.0001153492703451775
555		0.00012652152023899058		0.00011534821533132344
556		0.00012084685052589823		0.0001153466510004364
557		0.00013236624363344163		0.00011533965152921155
558		0.00012947285965007418		0.00011534187797224149
559		0.00012865403550677001		0.00011534816439962015
560		0.00012226903345435858		0.0001153487537521869
561		0.00013002654304727912		0.00011535428347997367
562		0.0001301342078174154		0.0001153542980318889
563		0.00013841580463728556		0.00011535940575413406
564		0.00012793067435268313		0.00011536019155755639
565		0.00013071642752038315		0.0001153636840172112
566		0.00012707363930530846		0.00011536596139194444
567		0.00012662394389432544		0.0001153672783402726
568		0.00013099761175302169		0.00011536800593603402
569		0.00012647638989922902		0.00011536627425812185
570		0.00012264944477162013		0.0001153649645857513
571		0.0001258104675798677		0.00011536494275787845
572		0.00013123099051881582		0.00011536318925209343
573		0.0001313990384611922		0.00011536126839928329
574		0.00012462123413570225		0.00011536229430930689
575		0.00012181446800241247		0.00011536247620824724
576		0.0001242980797542259		0.00011536272359080613
577		0.00013040917595693222		0.00011536141391843557
578		0.00012236274778842926		0.00011536016972968355
579		0.00012254655060435957		0.00011535715748323128
580		0.0001233390939887613		0.00011535736121004447
581		0.0001242894165140266		0.00011535795783856884
582		0.00012917161802761257		0.00011535861995071173
583		0.00012874124998537204		0.000115357936010696
584		0.00013008390669710934		0.00011535777593962848
585		0.00012280443964603668		0.00011535736121004447
586		0.00013865565415471792		0.00011535715748323128
587		0.0001392009604993897		0.00011535852536326274
588		0.00012272671301616356		0.00011536032980075106
589		0.000118643127886268		0.00011536279635038227
590		0.00012693223834503442		0.00011536703095771372
591		0.00012747621804010123		0.00011536585225258023
592		0.00012644951251180223		0.00011536698002601042
593		0.00012771424856813005		0.00011536733654793352
594		0.00012483074048456425		0.00011536941747181118
595		0.0001264845316957993		0.00011536929378053173
596		0.00012923598599930605		0.00011537021782714874
597		0.00012763944687321782		0.00011537010141182691
598		0.00012696060972909132		0.00011537125101312995
599		0.00012630344038673988		0.00011536826059455052
600		0.0001307466688255469		0.00011536951205926016
601		0.00013083098747301847		0.00011537132377270609
602		0.00012548547238111496		0.00011536960664670914
603		0.00012952330871485174		0.0001153699413407594
604		0.00012204928983313341		0.00011536856618477032
605		0.0001253636000910774		0.00011536902457010001
606		0.0001298299612244591		0.00011536858801264316
607		0.00012289280615126094		0.00011536820966284722
608		0.00012431349023245275		0.00011536793317645788
609		0.00012177773896837607		0.00011536641977727413
610		0.00012823693396057934		0.00011536584497662261
611		0.00012825583204782257		0.00011536454258020967
612		0.00012444374200034267		0.00011536388046806678
613		0.000127845756651368		0.00011536377132870257
614		0.00012447872480455166		0.00011536361853359267
615		0.0001298031177915012		0.00011536339297890663
616		0.00012018549508259942		0.00011536320380400866
617		0.00013664050008325526		0.00011536329111550003
618		0.0001243168444489129		0.00011536375677678734
619		0.00013000546217275163		0.00011536374222487211
620		0.00012935639824718237		0.00011536334932316095
621		0.00012817657504153127		0.00011536356032593176
622		0.00012694045532650003		0.00011536398233147338
623		0.00012890526947254935		0.00011536467354744673
624		0.00012486663035815582		0.0001153645062004216
625		0.00013244468330716094		0.00011536390957189724
626		0.00013544584605066726		0.00011536511010490358
627		0.0001285109635015639		0.00011536461533978581
628		0.00012606913999964794		0.00011536464444361627
629		0.00012814681394957006		0.00011536423698998988
630		0.00012732319009955972		0.00011536484089447185
631		0.00012334666826063767		0.00011536439706105739
632		0.00012887529737781733		0.00011536436068126932
633		0.00012934735665718713		0.00011536430974956602
634		0.0001297263879678212		0.00011536345846252516
635		0.0001282546581933275		0.00011536377132870257
636		0.00012284915040557584		0.00011536361125763506
637		0.00012348710151854903		0.0001153643024736084
638		0.00012673198943957686		0.00011536396050360054
639		0.00011846036310695733		0.00011536323290783912
640		0.00012479800110061964		0.00011536272359080613
641		0.0001256892986323995		0.00011536321107996628
642		0.00012666035521154603		0.00011536343663465232
643		0.00012759752765608331		0.00011536304373294115
644		0.0001225863209886787		0.00011536294186953455
645		0.0001199051354584905		0.00011536269448697567
646		0.00011809305578935891		0.0001153624034486711
647		0.00012486993606823185		0.00011536180682014674
648		0.00012204150455848624		0.000115361632197164
649		0.0001280172024659502		0.00011536090460140258
650		0.0001320210916067784		0.00011536103556863964
651		0.00012105940307568137		0.00011536198144312948
652		0.00012982743889248619		0.00011536085366969928
653		0.00012806938320863992		0.00011536071542650461
654		0.00011872611745881538		0.00011536027159309015
655		0.00013089146038206914		0.00011536131933098659
656		0.00012376134448762363		0.00011536158854141831
657		0.00012904828569541374		0.00011536097736097872
658		0.0001252742028251911		0.0001153605044237338
659		0.00013777865387964994		0.00011536038073245436
660		0.00013802639053513607		0.00011535985686350614
661		0.00012728749425150454		0.00011536049714777619
662		0.0001230454508913681		0.00011536066449480131
663		0.00012979710542519266		0.00011536039528436959
664		0.00013212564954301342		0.00011536033707670867
665		0.00012853519486573836		0.00011535924568306655
666		0.0001287512859562412		0.00011536046076798812
667		0.00012586241064127535		0.00011536029342096299
668		0.0001296702005978053		0.00011536003148648888
669		0.00012510339244424054		0.00011535984958754852
670		0.00012651801807805896		0.00011535971862031147
671		0.00012571135691056648		0.00011536011879798025
672		0.00012269726479037976		0.00011535995872691274
673		0.0001312306170196583		0.00011536013334989548
674		0.00013159521525570503		0.00011536046076798812
675		0.00013001472689211369		0.000115360708150547
676		0.00012059245879451434		0.00011536110105225816
677		0.00012435182967844108		0.00011536080273799598
678		0.00013059038610663265		0.00011536115198396146
679		0.00012669427572594336		0.0001153604534920305
680		0.00011982480888642992		0.00011536049714777619
681		0.00012263442234446606		0.0001153605553554371
682		0.00013006205942171314		0.00011536054080352187
683		0.0001320079124222199		0.00011536058445926756
684		0.00012539676148056364		0.00011536058445926756
685		0.00012834438045198718		0.00011536058445926756
686		0.00012635559445091835		0.00011536059173522517
687		0.0001203847302046294		0.00011536033707670867
688		0.00011988775319575022		0.00011536039528436959
689		0.00012529463371417174		0.00011536051169969141
690		0.0001228161078567306		0.00011536032252479345
691		0.00012402099188572416		0.00011536027886904776
692		0.00012524975318228826		0.00011536029342096299
693		0.0001222852006321773		0.00011536016972968355
694		0.00012445585646977028		0.00011536011152202263
695		0.0001318502618232742		0.00011536000238265842
696		0.0001344379949538658		0.00011536006059031934
697		0.000129000511757719		0.00011536011152202263
698		0.00013227011368144304		0.00011535997327882797
699		0.00012091171811334789		0.00011535999510670081
700		0.00011877706613934909		0.0001153598350356333
701		0.00012162768446917956		0.00011535995872691274
702		0.00013215203459064165		0.00011535931116668507
703		0.00012322750505215177		0.00011535933299455792
704		0.00012743092762927213		0.0001153593257186003
705		0.00012778287540034702		0.00011535944213392213
706		0.00012513489734070996		0.00011535950034158304
707		0.0001253758770568917		0.00011535996600287035
708		0.00012847835993549475		0.00011536033707670867
709		0.00011900888299957539		0.00011535987141542137
710		0.00012077094288542867		0.00011535985686350614
711		0.0001245146146781432		0.00011535985686350614
712		0.0001257506592082791		0.00011535976227605715
713		0.0001287411869270727		0.0001153595294454135
714		0.00013213641553496322		0.0001153595294454135
715		0.00012256270565558225		0.00011536006059031934
716		0.00012852215634969374		0.00011535958765307441
717		0.0001284096942981705		0.0001153595803771168
718		0.00011959755162630852		0.00011535946396179497
719		0.00013010662466210002		0.00011535978410393
720		0.00012586057224931815		0.00011535981320776045
721		0.00013700879693108922		0.00011535981320776045
722		0.00013424303324427456		0.00011535947123775259
723		0.00013100738578941673		0.00011535979865584522
724		0.00012568097251156965		0.0001153590710600838
725		0.0001270376475683103		0.00011535913654370233
726		0.00012082442602453132		0.00011535936937434599
727		0.00012490477092796937		0.00011535947123775259
728		0.00012101746688131243		0.0001153595294454135
729		0.00013867512704261267		0.00011535953672137111
730		0.00012256466773881888		0.0001153590710600838
731		0.0001273659145226702		0.0001153590710600838
732		0.0001224082225235179		0.00011535965313669294
733		0.0001280148911367481		0.00011535965313669294
734		0.00013248380370593318		0.00011535964586073533
735		0.00012485059657289335		0.00011535970406839624
736		0.00012099642481189221		0.00011535971862031147
737		0.00012415037781465799		0.00011535972589626908
738		0.0001327240412744383		0.00011535995872691274
739		0.00013426728643632183		0.00011535995872691274
740		0.00012187353665164362		0.00011535995872691274
741		0.00012683146148143956		0.00011535995145095512
742		0.00012404367104560757		0.00011535994417499751
743		0.00012258621184931448		0.00011536012607393786
744		0.00012440017599146813		0.00011535989324329421
745		0.00013443320737375566		0.00011535990051925182
746		0.0001315395493293181		0.00011535990051925182
747		0.000133041939989198		0.00011535992234712467
748		0.0001206799036784408		0.00011535992234712467
749		0.00013111507966338345		0.00011535997327882797
750		0.00012977900041732937		0.00011536003876244649
751		0.0001322129974141717		0.00011536003876244649
752		0.0001396993223655348		0.00011536003876244649
753		0.00013164695944093788		0.00011536003148648888
754		0.0001237088023723724		0.00011536003148648888
755		0.0001292056986130774		0.00011536003876244649
756		0.00012310508463997394		0.00011535979865584522
757		0.00013054591060305634		0.00011535979865584522
758		0.00012986603057167181		0.00011535957310115919
759		0.00012949998199474066		0.00011535957310115919
760		0.0001298355006535227		0.00011535980593180284
761		0.00013209401125398776		0.00011535979865584522
762		0.00013282871077535674		0.00011535979865584522
763		0.00013741708971792832		0.00011535980593180284
764		0.00012530988897196949		0.00011535979865584522
765		0.0001298481171640257		0.00011535979865584522
766		0.00012081011664122343		0.00011535979865584522
767		0.00012677114379281798		0.0001153599878307432
768		0.00012678523489739746		0.0001153599878307432
769		0.00012800091644749045		0.00011535992234712467
770		0.00013096890082427612		0.00011535992962308228
771		0.0001314220135100186		0.00011535992234712467
772		0.00013413728447631001		0.00011535992234712467
773		0.0001209727148913468		0.00011535992962308228
774		0.00012383529489549497		0.00011535992962308228
775		0.0001254720021582519		0.00011535992962308228
776		0.00013107936441277465		0.00011535991507116705
777		0.00012417129376747957		0.00011535990051925182
778		0.00012761241911600033		0.00011535991507116705
779		0.0001310999650740996		0.00011535991507116705
780		0.0001336745117441751		0.00011535991507116705
781		0.00012754065877137086		0.00011535991507116705
782		0.00011656319838948548		0.00011535990779520944
783		0.00012869864682822177		0.00011535991507116705
784		0.00011968985684992124		0.00011535991507116705
785		0.00012570944090839475		0.00011535991507116705
786		0.00012541220106262094		0.00011535990051925182
787		0.00012321271788096055		0.00011535990779520944
788		0.00012123818063021947		0.00011535990779520944
789		0.00013205616657311717		0.00011535991507116705
790		0.00012348972086329013		0.00011535990779520944
791		0.00013692235855463272		0.00011535991507116705
792		0.0001227598234739465		0.00011535991507116705
793		0.00012144160912915443		0.00011535991507116705
794		0.00013123712657640377		0.00011535991507116705
795		0.00012919152504764497		0.00011535990779520944
796		0.00012487679487094283		0.00011535990051925182
797		0.00012611936108442023		0.00011535991507116705
798		0.00012584511326470724		0.00011535991507116705
799		0.0001260107940955398		0.00011535990779520944
800		0.00012858685901543745		0.00011535992234712467
801		0.0001251585102484872		0.00011535991507116705
802		0.00012582291674334556		0.00011535991507116705
803		0.0001270118373213336		0.00011535991507116705
804		0.0001273268814353893		0.00011535991507116705
805		0.0001230863951301823		0.00011535990779520944
806		0.00013358450329784924		0.00011535991507116705
807		0.00013113828269221509		0.00011535990779520944
808		0.0001327257875042657		0.00011535990779520944
809		0.0001325503399129957		0.00011535990779520944
810		0.00012799936909383783		0.00011535990779520944
811		0.00013106904225423932		0.00011535990779520944
812		0.0001297148846788332		0.00011535991507116705
813		0.00013145733585891625		0.00011535991507116705
814		0.00012486423656810075		0.00011535991507116705
815		0.00012141713280774032		0.00011535991507116705
816		0.00013316359642582634		0.00011535990779520944
817		0.0001281099563736158		0.00011535991507116705
818		0.00012570102505075434		0.00011535991507116705
819		0.00012589007625744367		0.00011535991507116705
820		0.00012739948094046363		0.00011535991507116705
821		0.00013263583726560077		0.00011535990779520944
822		0.00013293076093153408		0.00011535990051925182
823		0.00013182597467675805		0.00011535991507116705
824		0.00012272235471755266		0.00011535991507116705
825		0.00012416097403426343		0.00011535991507116705
826		0.00012677666381932795		0.00011535990779520944
827		0.00012104295698615412		0.00011535990779520944
828		0.0001275764952879399		0.00011535991507116705
829		0.00011784591333707795		0.00011535991507116705
830		0.00012877143550819406		0.00011535991507116705
831		0.00012821405834984034		0.00011535991507116705
832		0.000129259050784943		0.00011535991507116705
833		0.00012538037117337808		0.00011535990779520944
834		0.0001235862509929575		0.00011535991507116705
835		0.00012938955963666862		0.00011535991507116705
836		0.0001271603541681543		0.00011535991507116705
837		0.00012864153783690804		0.00011535991507116705
838		0.00012940563222703835		0.00011535990779520944
839		0.0001190993280033581		0.00011535991507116705
840		0.0001281536630510042		0.00011535991507116705
841		0.00012145500659244135		0.00011535990779520944
842		0.0001311052498446467		0.00011535991507116705
843		0.000129253399791196		0.00011535990779520944
844		0.00013083256635582075		0.00011535991507116705
845		0.00012839480283825347		0.00011535991507116705
846		0.00012697225611191243		0.00011535991507116705
847		0.00013158270303392783		0.00011535990779520944
848		0.00013331576095273098		0.00011535991507116705
849		0.00012570660813556364		0.00011535991507116705
850		0.00012570131851437813		0.00011535991507116705
851		0.00012404811180507144		0.00011535991507116705
852		0.0001257681409091068		0.00011535991507116705
853		0.00013446890322181085		0.00011535991507116705
854		0.00013692816719412804		0.00011535991507116705
855		0.00013325577310752124		0.00011535991507116705
856		0.00012546205592419332		0.00011535991507116705
857		0.00012457547078762823		0.00011535991507116705
858		0.00012271137529751286		0.00011535990779520944
859		0.00012299710457834104		0.00011535991507116705
860		0.00012943585170432925		0.00011535991507116705
861		0.00011962348556456466		0.00011535991507116705
862		0.00012995303162218383		0.00011535991507116705
863		0.00013175053027225658		0.00011535991507116705
864		0.00012715424478907758		0.00011535990779520944
865		0.0001315279611541579		0.00011535991507116705
866		0.00014149556712557873		0.00011535991507116705
867		0.0001324626694743832		0.00011535991507116705
868		0.00012950238791139176		0.00011535991507116705
869		0.00013369751347151274		0.00011535991507116705
870		0.00013309789452857027		0.00011535990779520944
871		0.00012924666225444525		0.00011535991507116705
872		0.00012262160453246906		0.00011535991507116705
873		0.00013233090673262873		0.00011535991507116705
874		0.00013196217090201875		0.00011535991507116705
875		0.00012636616884265095		0.00011535991507116705
876		0.00012196917426384364		0.00011535990779520944
877		0.00012824663038675985		0.00011535990051925182
878		0.00011962164717260748		0.00011535991507116705
879		0.00013091365690343082		0.00011535991507116705
880		0.0001256068741592268		0.00011535991507116705
881		0.00013173785797941187		0.00011535991507116705
882		0.00012764499600355825		0.00011535990779520944
883		0.00013103266731680682		0.00011535990051925182
884		0.00012087322344693045		0.00011535991507116705
885		0.00012633122969418764		0.00011535990779520944
886		0.00012925968136793622		0.00011535991507116705
887		0.000131348960470253		0.00011535990779520944
888		0.00012686873863761625		0.00011535991507116705
889		0.00013212765043135732		0.00011535990779520944
890		0.00012682592205237597		0.00011535990779520944
891		0.0001307516431552358		0.00011535991507116705
892		0.00013729020429309458		0.00011535990779520944
893		0.00013118659020013487		0.00011535990779520944
894		0.00012206561950733885		0.00011535991507116705
895		0.00012297251426692432		0.00011535991507116705
896		0.00012477913939316446		0.00011535991507116705
897		0.00014913154882378876		0.00011535991507116705
898		0.00012634395776937404		0.00011535991507116705
899		0.0001318520177543784		0.00011535990779520944
900		0.00013242816203273833		0.00011535991507116705
901		0.0001328418729826808		0.00011535990779520944
902		0.00012482226399394372		0.00011535990779520944
903		0.0001322097135319685		0.00011535991507116705
904		0.00012137704228128617		0.00011535990779520944
905		0.00012915223002588996		0.00011535990779520944
906		0.00012670232293506464		0.00011535991507116705
907		0.0001272632604620109		0.00011535990779520944
908		0.00012371651246212423		0.00011535991507116705
909		0.00013160128340435526		0.00011535990779520944
910		0.00012409230354630077		0.00011535991507116705
911		0.00012766454892698675		0.00011535991507116705
912		0.00012558867456391454		0.00011535991507116705
913		0.00012893172000379613		0.00011535990051925182
914		0.00013567817222792655		0.00011535990051925182
915		0.00013495599948024997		0.00011535991507116705
916		0.0001266977390817677		0.00011535991507116705
917		0.00012208883466276652		0.00011535991507116705
918		0.00013003055452524373		0.00011535991507116705
919		0.00012238796868283922		0.00011535990779520944
920		0.00012443734400828058		0.00011535991507116705
921		0.0001301678663973386		0.00011535991507116705
922		0.00012241229705978185		0.00011535990779520944
923		0.00013019444789582243		0.00011535990779520944
924		0.00012361541788171357		0.00011535991507116705
925		0.00012139042276733865		0.00011535991507116705
926		0.00012448481720639393		0.00011535990779520944
927		0.00013190257595852017		0.00011535991507116705
928		0.00012700540294948345		0.00011535991507116705
929		0.00012272521901953345		0.00011535991507116705
930		0.00013622351252706721		0.00011535990779520944
931		0.00013013456433933848		0.00011535990779520944
932		0.00013317784517615414		0.00011535990779520944
933		0.00012579539664632952		0.00011535991507116705
934		0.00013359990164948007		0.00011535991507116705
935		0.0001338899116187046		0.00011535990779520944
936		0.00013058727199677378		0.00011535990051925182
937		0.00012664989238449684		0.00011535991507116705
938		0.00012687509297393262		0.00011535990051925182
939		0.0001301110338924142		0.00011535991507116705
940		0.00013106116966810077		0.00011535991507116705
941		0.00012562877721696472		0.00011535991507116705
942		0.00012549028906505555		0.00011535991507116705
943		0.00012778325375014296		0.00011535991507116705
944		0.00012839730819299197		0.00011535991507116705
945		0.0001309849467361346		0.00011535991507116705
946		0.00012931117574529102		0.00011535991507116705
947		0.00011645785222450893		0.00011535991507116705
948		0.00012831695494242013		0.00011535991507116705
949		0.0001266444984745855		0.00011535990051925182
950		0.00012270156245601052		0.00011535990779520944
951		0.00013521303966020545		0.00011535991507116705
952		0.00012979218445252627		0.00011535991507116705
953		0.00012100644865616535		0.00011535990779520944
954		0.00012360936185965934		0.00011535991507116705
955		0.0001265567795295889		0.00011535990779520944
956		0.00012258100711430112		0.00011535991507116705
957		0.00012409263581503183		0.00011535992234712467
958		0.0001284301130605551		0.00011535991507116705
959		0.00013385634277559197		0.00011535991507116705
960		0.0001223363481888858		0.00011535991507116705
961		0.0001287451401973764		0.00011535991507116705
962		0.00012846542328285673		0.00011535991507116705
963		0.000122089491924271		0.00011535991507116705
964		0.00011937175198302914		0.00011535990779520944
965		0.00012205063831061125		0.00011535990779520944
966		0.00012800163434197506		0.00011535991507116705
967		0.00012172134787154694		0.00011535990051925182
968		0.00013231306608455876		0.00011535991507116705
969		0.00012017444532830268		0.00011535991507116705
970		0.00013217188825365156		0.00011535991507116705
971		0.00012705382929804424		0.00011535991507116705
972		0.00012411071414438388		0.00011535990779520944
973		0.00012639849349701157		0.00011535990779520944
974		0.00012575386548026776		0.00011535990051925182
975		0.00012303507537581027		0.00011535991507116705
976		0.00012438102082038918		0.00011535991507116705
977		0.00012421124120010063		0.00011535991507116705
978		0.00012362731407241276		0.00011535991507116705
979		0.00013444658058385053		0.00011535990779520944
980		0.00012434030213626102		0.00011535990779520944
981		0.0001256173782167025		0.00011535991507116705
982		0.00012700956964787716		0.00011535991507116705
983		0.0001230569954107826		0.00011535991507116705
984		0.0001203639015632992		0.00011535990779520944
985		0.00012437950014524782		0.00011535991507116705
986		0.0001269311566526691		0.00011535990779520944
987		0.00012152288642634328		0.00011535991507116705
988		0.00012286764103919268		0.00011535991507116705
989		0.00013789583075170717		0.00011535990779520944
990		0.00013259382346101725		0.00011535990779520944
991		0.00012639775134933492		0.00011535991507116705
992		0.00013627082807943225		0.00011535991507116705
993		0.00012796854813738415		0.00011535990779520944
994		0.00012630975106731057		0.00011535991507116705
995		0.00013121054992855838		0.00011535991507116705
996		0.00013272561045596376		0.00011535990779520944
997		0.00012150876136729494		0.00011535991507116705
998		0.00012262251645249003		0.00011535991507116705
999		0.00013328575005289167		0.00011535991507116705
1000		0.0001282375887967646		0.00011535990779520944
