0		0.002356150575603048		0.0024944196920841932
1		0.002330136097346743		0.0024821253027766943
2		0.0023502344265580177		0.002483602613210678
3		0.002333471473927299		0.0024801595136523247
4		0.0023500605020672083		0.002462496515363455
5		0.0022696252757062516		0.0024069638457149267
6		0.002282951803257068		0.0024578222073614597
7		0.002331907938544949		0.0024207974784076214
8		0.0022984473034739494		0.0024038460105657578
9		0.0023146459522346654		0.002480873139575124
10		0.0023198216998328767		0.0024827150627970695
11		0.0023370019625872374		0.0024831807240843773
12		0.002332923235371709		0.0024832398630678654
13		0.0023388826133062444		0.0024830568581819534
14		0.0023378304516275725		0.0024827069137245417
15		0.0023261699825525284		0.0024818982928991318
16		0.0023604123077044883		0.002479992341250181
17		0.0023677625382939973		0.002476532943546772
18		0.0023245137805740037		0.0024702614173293114
19		0.002339455531910062		0.0024588191881775856
20		0.00233975937590003		0.0024547004140913486
21		0.0023042813409119844		0.0024419736582785845
22		0.0022644042813529572		0.0024383608251810074
23		0.002243663960446914		0.0023966175504028797
24		0.002211371591935555		0.002379422076046467
25		0.0021838731287668147		0.00238322583027184
26		0.0022268459821740785		0.0022734650410711765
27		0.0021877430845052004		0.002271458972245455
28		0.0021472086664289236		0.0022303294390439987
29		0.0021361371812721095		0.0022655948996543884
30		0.002139572442198793		0.002184715121984482
31		0.002107712673023343		0.00217798026278615
32		0.002088060990596811		0.002144082449376583
33		0.0021198356989771128		0.0021788005251437426
34		0.0020790381046632924		0.0022230104077607393
35		0.002089947539692124		0.002183320699259639
36		0.0020622328544656434		0.002165686571970582
37		0.0020680686769386134		0.0021672616712749004
38		0.002076302499820789		0.0021593249402940273
39		0.0020575853219876685		0.002188286744058132
40		0.0020711245015263557		0.0021708321291953325
41		0.0020596591445306935		0.002156113740056753
42		0.002062251248086492		0.0021786722354590893
43		0.002050891208151976		0.0021534557454288006
44		0.002029895860080918		0.0021408512257039547
45		0.0020468876076241336		0.002134232548996806
46		0.002024645684286952		0.002174950670450926
47		0.0020379656925797462		0.0021449150517582893
48		0.0020211084435383477		0.002136503579095006
49		0.002038274503623446		0.0021215807646512985
50		0.002000345576864978		0.0021145190112292767
51		0.002000438670317332		0.002119368640705943
52		0.002003711105013887		0.002117490628734231
53		0.001980886251355211		0.0021029808558523655
54		0.0020077180427809558		0.0021352230105549097
55		0.001987034377331535		0.002110538072884083
56		0.0020059128291904926		0.0021283018868416548
57		0.0019896066126724086		0.0021585398353636265
58		0.0020063171784083047		0.0021180370822548866
59		0.0020143785513937473		0.002129625529050827
60		0.0019809860192860165		0.0021086998749524355
61		0.002001085008184115		0.002098880708217621
62		0.002017045859247446		0.0021015750244259834
63		0.0020019059690336385		0.0021052411757409573
64		0.001985448490207394		0.0021175218280404806
65		0.0019845697097480297		0.0021103383041918278
66		0.0019944883339727917		0.002103365259245038
67		0.0019675385362158218		0.0021121366880834103
68		0.002009929701065024		0.002096921904012561
69		0.0019691388588398695		0.0021064362954348326
70		0.0019812158619364104		0.002121357247233391
71		0.001971895767686268		0.0021127809304744005
72		0.0019943175526956716		0.002104925224557519
73		0.0019971159442017474		0.00211084121838212
74		0.0019505084104215105		0.002113955095410347
75		0.0019896136752019324		0.0021137213334441185
76		0.0019964901730418205		0.002091184025630355
77		0.001977338766058286		0.0020986697636544704
78		0.001994788801918427		0.002115607727319002
79		0.001988761437435945		0.002149560721591115
80		0.0019924982140461602		0.002126852050423622
81		0.001965934643521905		0.0020975922234356403
82		0.0019755279645323753		0.0021007859613746405
83		0.001988212034727136		0.0021198345348238945
84		0.0019913862148920694		0.0021284499671310186
85		0.0019804589295138917		0.002125868806615472
86		0.0019653876467297473		0.0021323112305253744
87		0.0019754850460837283		0.00210254336707294
88		0.0019828216172754765		0.0021109464578330517
89		0.002008868847042322		0.0021122125908732414
90		0.0019842488691210747		0.002121228026226163
91		0.0019734514644369483		0.002112849149852991
92		0.001977057351420323		0.002110367873683572
93		0.0019669378331551948		0.0021086835768073797
94		0.0019690893047178784		0.00210248283110559
95		0.0019891071133315563		0.002101462334394455
96		0.001980101689696312		0.0021047373302280903
97		0.001972578310718139		0.002103623701259494
98		0.0019558595182995		0.0021142628975212574
99		0.0019672097405418754		0.002118200296536088
100		0.0019829073765625558		0.0021181628108024597
101		0.0019712827634066343		0.0021177807357162237
102		0.00197122983324031		0.002111005363985896
103		0.001954780581096808		0.0021034404635429382
104		0.0019765960363050303		0.0021017773542553186
105		0.001961717032827437		0.0021051827352494
106		0.0019770817210276923		0.0021142384503036737
107		0.001981547102332115		0.002109294757246971
108		0.0019810504745692015		0.0021130102686583996
109		0.0019712640593449273		0.002108633052557707
110		0.0019809432172526917		0.0021146594081074
111		0.0019521410576999187		0.002114128554239869
112		0.001955852649795512		0.002108547370880842
113		0.001978500901410977		0.002099050907418132
114		0.001993617663780848		0.002099455101415515
115		0.0019471226648117106		0.0021111073438078165
116		0.001983240401993195		0.0021178163588047028
117		0.001975220162421465		0.0021108167711645365
118		0.0019557724396387735		0.0021068088244646788
119		0.001970818421492974		0.002104788785800338
120		0.0019640473959346614		0.0021076444536447525
121		0.001980650432718297		0.0021122442558407784
122		0.0019473334153493245		0.0021134286653250456
123		0.0019692400625596442		0.0021101206075400114
124		0.001968294382095337		0.002107285661622882
125		0.001974034976835052		0.002105306601151824
126		0.001962809318987032		0.002103546168655157
127		0.001958137300486366		0.002104489365592599
128		0.001985277282074094		0.0021072756499052048
129		0.001984527800232172		0.0021112109534442425
130		0.001960199015835921		0.0021129536908119917
131		0.0019846417708322406		0.0021199474576860666
132		0.0019871951080858707		0.0021256757900118828
133		0.0019727522352089486		0.002119429875165224
134		0.001978280566011866		0.002118467353284359
135		0.0019774969356755414		0.0021061934530735016
136		0.0019604982808232307		0.0021090139634907246
137		0.001979564083740115		0.00210565491579473
138		0.0019670112524181604		0.002104288898408413
139		0.001967925112694502		0.002104176441207528
140		0.001972227512548367		0.002102401340380311
141		0.0019901332755883536		0.002100546844303608
142		0.0019738955112795034		0.0020993007346987724
143		0.001953589885185162		0.00210162834264338
144		0.0019802534176657596		0.002103554317727685
145		0.001968513708561659		0.0021052660886198282
146		0.00197085451024274		0.0021096551790833473
147		0.0019926412496715784		0.0021101743914186954
148		0.0019630234067638717		0.002104758284986019
149		0.0019721138135840497		0.002102098660543561
150		0.001946757547557354		0.0021027582697570324
151		0.001983943860977888		0.0021048891358077526
152		0.0019705729403843484		0.0021078912541270256
153		0.001981425021464626		0.002109711989760399
154		0.0019688925240188837		0.0021126249339431524
155		0.0019529836329941948		0.0021131206303834915
156		0.0019713785344113908		0.002112126909196377
157		0.001978418634583553		0.002110656350851059
158		0.001978286619608601		0.002108619548380375
159		0.001970425092925628		0.0021086486522108316
160		0.0019743454564983645		0.00210755318403244
161		0.001985905303930243		0.0021068272180855274
162		0.0019601278472691774		0.0021069420035928488
163		0.0019781014416366816		0.0021078982390463352
164		0.001966047721604506		0.002108604647219181
165		0.001954787915262083		0.0021079445723444223
166		0.001981097894410292		0.0021082826424390078
167		0.0019808107366164527		0.0021074076648801565
168		0.001966006588190794		0.0021050553768873215
169		0.001954327841910223		0.00210493803024292
170		0.001976290950551629		0.0021067187190055847
171		0.0019499083282426		0.002108626766130328
172		0.001953280569675068		0.002110924804583192
173		0.0019834485525886216		0.0021124393679201603
174		0.001981187223767241		0.0021113206166774035
175		0.0019469112545872729		0.0021099119912832975
176		0.0019555881153792143		0.002108953660354018
177		0.0019528787039841216		0.0021083515603095293
178		0.001985791993016998		0.0021072938106954098
179		0.001972428949860235		0.002105709398165345
180		0.001986825567049285		0.002105548745021224
181		0.00195464709152778		0.002105643041431904
182		0.001978300434226791		0.002106698229908943
183		0.0019764081419756017		0.0021077326964586973
184		0.00197836811033388		0.002108987420797348
185		0.001965070143342018		0.002109945984557271
186		0.0019493769311035674		0.002110907807946205
187		0.0019705769761155048		0.0021104374900460243
188		0.0019496131377915542		0.002108785090968013
189		0.001989957798893253		0.0021054295357316732
190		0.0019673246036594114		0.0021044337190687656
191		0.0019915458591034016		0.0021045133471488953
192		0.001974385891420146		0.002103982726112008
193		0.001973710022866726		0.0021042467560619116
194		0.0019734202263255915		0.002104730810970068
195		0.0019512003830944498		0.0021056567784398794
196		0.0019703336680928865		0.0021065815817564726
197		0.00197093926059703		0.0021067066118121147
198		0.001964592762912313		0.002106425818055868
199		0.0019786239912112555		0.0021051494404673576
200		0.0019541931493828693		0.0021046861074864864
201		0.00197304207055519		0.0021051529329270124
202		0.0019679018296301365		0.0021057953126728535
203		0.001972507374982039		0.0021060556173324585
204		0.0019918979766468206		0.0021060199942439795
205		0.0019758492320155105		0.002105318009853363
206		0.0019674504486223063		0.0021043557208031416
207		0.001956249742458264		0.0021043182350695133
208		0.0019752586570878825		0.0021049687638878822
209		0.0019783273649712405		0.0021064700558781624
210		0.0019678272462139526		0.0021067168563604355
211		0.0019435536038751404		0.0021056043915450573
212		0.0019514210289344192		0.0021049557253718376
213		0.0019767629370714226		0.0021044164896011353
214		0.001960185938514769		0.002104216953739524
215		0.001996852457523346		0.0021036393009126186
216		0.001972634306487938		0.002103663282468915
217		0.0019761933169017234		0.0021044386085122824
218		0.0019485913217067719		0.002104908926412463
219		0.0019624492852017283		0.002105776919052005
220		0.001973886974155903		0.0021057389676570892
221		0.0019720698862026134		0.0021051918156445026
222		0.0019751195019731918		0.002104472368955612
223		0.0019774106331169605		0.0021038679406046867
224		0.0019709664241721234		0.0021033678203821182
225		0.0019745536458988986		0.002103568287566304
226		0.001958860744101306		0.0021044022869318724
227		0.0019458038344358404		0.0021052227821201086
228		0.001959311581837634		0.002106043277308345
229		0.0019543582651143274		0.002107356209307909
230		0.0019586837540070214		0.002108215354382992
231		0.001959922529446582		0.002108390210196376
232		0.001977345750977596		0.002108333632349968
233		0.0019711630884557962		0.002108098240569234
234		0.001961135654710233		0.0021076523698866367
235		0.001989232453828057		0.0021072709932923317
236		0.0019456903294970591		0.002106820698827505
237		0.0019574480829760432		0.0021064584143459797
238		0.001964089460670948		0.002105887746438384
239		0.001952468805635969		0.0021048763301223516
240		0.0019767098128795624		0.0021038369741290808
241		0.0019658299473424754		0.002103283302858472
242		0.0019633328386892876		0.0021034739911556244
243		0.0019563462507600584		0.0021042253356426954
244		0.001961448579095304		0.0021049364004284143
245		0.001979863348727425		0.0021053890231996775
246		0.0019582389698674283		0.002105764811858535
247		0.001972172331685821		0.0021060314029455185
248		0.0019528211560100317		0.002106311498209834
249		0.0019661550565312305		0.0021064388565719128
250		0.0019463913437599938		0.0021064572501927614
251		0.0019554663837576904		0.0021063557360321283
252		0.0019563910318538547		0.0021062572486698627
253		0.0019572007780273757		0.002106307540088892
254		0.0019780932537590465		0.0021064337342977524
255		0.0019648921055098376		0.0021067936904728413
256		0.0019735549964631596		0.002106858417391777
257		0.001958912005648017		0.0021068223286420107
258		0.001960120474298795		0.0021068337373435497
259		0.0019678748212754726		0.0021069608628749847
260		0.0019542444109295807		0.0021070316433906555
261		0.001947503847380479		0.0021071445662528276
262		0.0019916538149118423		0.0021069166250526905
263		0.0019558654942860207		0.002106586005538702
264		0.001962838927283883		0.002106133382767439
265		0.001951403411415716		0.002105794847011566
266		0.001949186126391093		0.0021057806443423033
267		0.00196160061750561		0.0021056588739156723
268		0.0019875471092139683		0.0021056721452623606
269		0.001972067325065533		0.002105661202222109
270		0.001960815590185424		0.002105716150254011
271		0.001970545621588826		0.002105952939018607
272		0.0019832258112728596		0.002106284024193883
273		0.0019665075621257224		0.002106616273522377
274		0.001956785718599955		0.0021069373469799757
275		0.0019537139839182296		0.002107014646753669
276		0.001977613971879085		0.002107074949890375
277		0.001946712494827807		0.002107168547809124
278		0.0019606842348972955		0.002107145730406046
279		0.001973787322640419		0.002106965286657214
280		0.0019709058105945587		0.0021067115012556314
281		0.001997054205276072		0.0021064491011202335
282		0.0019751228004073105		0.0021062020678073168
283		0.0019696333911269903		0.0021060046274214983
284		0.001964263191136221		0.0021058772690594196
285		0.001974005368538201		0.002105941530317068
286		0.001973517471924424		0.002106097526848316
287		0.001980932429432869		0.0021063690073788166
288		0.001954779999020199		0.0021065890323370695
289		0.00196304350780944		0.002106760861352086
290		0.0019523414472738902		0.00210683629848063
291		0.001978789339773357		0.002106975531205535
292		0.0019714629743248224		0.0021070577204227448
293		0.001967207839091619		0.002107047475874424
294		0.001960140148488184		0.0021069177892059088
295		0.001956563248919944		0.002106862608343363
296		0.0019465134246274829		0.002106820000335574
297		0.0019620516492674747		0.002106752712279558
298		0.001965266652405262		0.002106617670506239
299		0.0019795071178426347		0.002106479834765196
300		0.001988040399737656		0.0021063550375401974
301		0.0019744007537762323		0.00210630614310503
302		0.0019850422783444324		0.0021062458399683237
303		0.001973953020448486		0.0021062553860247135
304		0.0019531516203035912		0.0021062716841697693
305		0.001965931383892894		0.002106267027556896
306		0.0019580119599898658		0.0021062474697828293
307		0.001976669610788425		0.0021062949672341347
308		0.001961642138970395		0.0021063447929918766
309		0.0019888374178359904		0.002106413710862398
310		0.0019805813984324536		0.0021065010223537683
311		0.0019551811662192145		0.0021065915934741497
312		0.0019668724853545427		0.00210663303732872
313		0.0019507062000532944		0.0021066872868686914
314		0.0019493448780849576		0.0021067976485937834
315		0.0019866282818838954		0.00210690894164145
316		0.0019641265583535037		0.0021070013754069805
317		0.001982327007378141		0.0021070304792374372
318		0.001975916054410239		0.002106964588165283
319		0.0019813532708212733		0.002106934553012252
320		0.001968147698789835		0.002106888685375452
321		0.0019798203526685634		0.0021068358328193426
322		0.0019943134393543005		0.0021068172063678503
323		0.0019567490477735796		0.002106806030496955
324		0.001968872190142671		0.0021067820489406586
325		0.001958626632889112		0.0021067517809569836
326		0.001972176522637407		0.0021067573688924313
327		0.001967342415203651		0.0021068137139081955
328		0.001955498980047802		0.002106873318552971
329		0.001972015326221784		0.002106873318552971
330		0.00196797129077216		0.0021069059148430824
331		0.0019511270802468061		0.002106904983520508
332		0.0019654343680789075		0.002106919651851058
333		0.0019768039540698132		0.0021068942733108997
334		0.0019802112753192582		0.0021068404894322157
335		0.0019649281554544964		0.002106834203004837
336		0.001964724622666836		0.002106852363795042
337		0.001980296258504192		0.002106885425746441
338		0.0019504576145360868		0.002106880769133568
339		0.001959731879954537		0.0021069084759801626
340		0.0019737020678197346		0.0021069226786494255
341		0.001961311170210441		0.002106949221342802
342		0.0019556283174703517		0.002106974832713604
343		0.0019826506031677127		0.0021069759968668222
344		0.00196218917456766		0.002106961328536272
345		0.001929409763154884		0.002106942469254136
346		0.0019549098409091434		0.00210693315602839
347		0.0019503082148730755		0.002106940606608987
348		0.0019886280254771314		0.0021069422364234924
349		0.001963769318535924		0.0021069745998829603
350		0.0019603134909023843		0.0021069906651973724
351		0.001979249995201826		0.0021070113871246576
352		0.001955409379055103		0.0021070269867777824
353		0.0019675948036213717		0.002107046078890562
354		0.001975191058591008		0.002107043983414769
355		0.0019795269860575595		0.002107049338519573
356		0.0019678454070041576		0.0021070565562695265
357		0.001970335841178894		0.0021070598158985376
358		0.001960672360534469		0.002107056090608239
359		0.0019674600722889104		0.002107059583067894
360		0.001989443514806529		0.0021070712246000767
361		0.0019602536534269652		0.002107074251398444
362		0.001962150059019526		0.0021070893853902817
363		0.001959962809147934		0.002107099164277315
364		0.0019808150051782527		0.0021071189548820257
365		0.0019615528096134463		0.0021071366500109434
366		0.001981990373072525		0.0021071787923574448
367		0.0019490235717967153		0.0021072139497846365
368		0.0019708738351861634		0.002107220934703946
369		0.001964137734224399		0.0021072104573249817
370		0.0019595734775066376		0.00210720207542181
371		0.0019778701631973186		0.0021071885712444782
372		0.001972818203891317		0.0021071939263492823
373		0.001960126838336388		0.002107178093865514
374		0.0019506790364782016		0.0021071515511721373
375		0.0019639776243517795		0.002107139676809311
376		0.0019531829360251627		0.0021071399096399546
377		0.0019388883374631405		0.0021071189548820257
378		0.0019816534283260503		0.0021071084775030613
379		0.001968297486503919		0.002107099397107959
380		0.0019559888169169426		0.00210710265673697
381		0.0019584527083983025		0.0021071084775030613
382		0.0019762973533943295		0.0021071003284305334
383		0.0019412169155354302		0.002107093343511224
384		0.0019675771861026683		0.002107087057083845
385		0.0019664932042360306		0.002107088454067707
386		0.001958020458308359		0.0021070910152047873
387		0.0019503397634252906		0.0021070947404950857
388		0.0019518663563455145		0.002107096603140235
389		0.0019357966957613826		0.002107103355228901
390		0.0019730335334315896		0.002107097301632166
391		0.0019649318419396877		0.002107088454067707
392		0.0019741027305523553		0.002107073785737157
393		0.0019734976425146065		0.0021070544607937336
394		0.0019647208197663226		0.0021070383954793215
395		0.0019589713386570415		0.0021070404909551144
396		0.001951308532928427		0.002107049571350217
397		0.001974743053627511		0.00210705678910017
398		0.0019686948508024216		0.0021070647053420544
399		0.001976609928533435		0.00210706889629364
400		0.0019653429432461658		0.0021070633083581924
401		0.001960860254863898		0.0021070600487291813
402		0.0019635966358085475		0.0021070532966405153
403		0.001976708027844628		0.0021070472430437803
404		0.0019735259702429175		0.0021070376969873905
405		0.001970136111291746		0.002107025124132633
406		0.0019612403896947703		0.0021070176735520363
407		0.001998800473908583		0.0021070237271487713
408		0.0019717679048577943		0.002107027918100357
409		0.00198259522827963		0.0021070297807455063
410		0.001964340296884378		0.0021070349030196667
411		0.0019518973228211205		0.0021070342045277357
412		0.0019461119469876091		0.0021070248913019896
413		0.0019679478524873653		0.0021070109214633703
414		0.001985476817935705		0.002106998348608613
415		0.0019603936622540155		0.002106989501044154
416		0.001970507437363267		0.0021069806534796953
417		0.001959359971806407		0.0021069764625281096
418		0.001972541678696871		0.0021069729700684547
419		0.001971013921623429		0.002106970641762018
420		0.0019840996246784925		0.002106970641762018
421		0.0019468288325394194		0.002106974832713604
422		0.0019744475139304996		0.002106980187818408
423		0.0019505594003324707		0.002106991596519947
424		0.0019607630480701723		0.0021070046350359917
425		0.0019510688725858927		0.0021070167422294617
426		0.001976370345801115		0.002107025822624564
427		0.0019622240603591004		0.0021070330403745174
428		0.0019673933275043964		0.0021070418879389763
429		0.001964559700960914		0.0021070537623018026
430		0.0019750021941338978		0.002107059583067894
431		0.0019768944087748728		0.0021070577204227448
432		0.0019504792677859466		0.0021070558577775955
433		0.0019813438411802053		0.002107054926455021
434		0.001962408695059518		0.0021070605143904686
435		0.0019756443798542023		0.002107064239680767
436		0.001945091721912225		0.0021070679649710655
437		0.0019562738792349896		0.002107067033648491
438		0.0019688791750619807		0.002107067033648491
439		0.0019690648963054023		0.002107068430632353
440		0.0019603025866672397		0.002107070293277502
441		0.001962636636259655		0.0021070712246000767
442		0.0019345727438728015		0.0021070721559226513
443		0.0019799673076098165		0.002107072388753295
444		0.0019562554080039263		0.002107073785737157
445		0.0019791492571433387		0.0021070775110274553
446		0.0019699380888293185		0.002107080304995179
447		0.0019496538831541936		0.0021070819348096848
448		0.001967392008130749		0.002107083797454834
449		0.0019588982298349342		0.0021070821676403284
450		0.0019653739485268793		0.0021070789080113173
451		0.0019704668472210565		0.0021070779766887426
452		0.0019846362993121147		0.002107080304995179
453		0.0019958445336669683		0.0021070826333016157
454		0.0019895659449199834		0.0021070896182209253
455		0.0019628647714853287		0.0021070940420031548
456		0.0019504687904069822		0.002107101259753108
457		0.0019790068812047443		0.0021071056835353374
458		0.0019481567821154993		0.0021071068476885557
459		0.001969466373945276		0.0021071117371320724
460		0.0019627583290760717		0.0021071131341159344
461		0.0019588347834845385		0.0021071129012852907
462		0.0019963428688546023		0.0021071117371320724
463		0.0019734914725025496		0.002107110107317567
464		0.001935621063845853		0.0021071056835353374
465		0.0019466412874559562		0.0021071014925837517
466		0.0019728282544141016		0.002107098465785384
467		0.001953725120984018		0.0021070947404950857
468		0.0019662250221396485		0.0021070907823741436
469		0.0019487408765902121		0.002107087057083845
470		0.0019783127742509046		0.0021070875227451324
471		0.0019504321195806067		0.0021070882212370634
472		0.001951263324978451		0.0021070903167128563
473		0.001969567189613978		0.0021070935763418674
474		0.0019818844351296625		0.0021070947404950857
475		0.0019666998026271663		0.002107098000124097
476		0.0019719048092762628		0.0021071010269224644
477		0.0019863665802404284		0.002107103355228901
478		0.001980683417059481		0.0021071028895676136
479		0.0019550572615116835		0.0021071035880595446
480		0.00196918627868096		0.0021071031223982573
481		0.001951159870562454		0.00210710265673697
482		0.001978399232029915		0.002107103355228901
483		0.001977177026371161		0.002107104519382119
484		0.0019809747269997993		0.0021071061491966248
485		0.001974998041987419		0.0021071091759949923
486		0.0019665907602757215		0.002107111271470785
487		0.0019643382790187993		0.002107112668454647
488		0.0019798055679226914		0.002107114065438509
489		0.0019261099320525925		0.002107117557898164
490		0.00197707605548203		0.002107118722051382
491		0.001976731155688564		0.002107120119035244
492		0.0019627196015790105		0.002107120119035244
493		0.0019573673295478025		0.0021071203518658876
494		0.0019420094322413206		0.002107121516019106
495		0.0019497890801479418		0.0021071224473416805
496		0.0019567281318207583		0.0021071231458336115
497		0.0019697308695564666		0.0021071231458336115
498		0.001963864934320251		0.002107124775648117
499		0.001959924353286624		0.0021071259398013353
500		0.0019403371261432767		0.0021071278024464846
501		0.0019601647897313037		0.0021071305964142084
502		0.0019695119311412177		0.0021071319933980703
503		0.0019957410792509713		0.002107133623212576
504		0.001978308272858461		0.002107134787365794
505		0.0019859126769006252		0.002107135718688369
506		0.0019601016538217664		0.0021071359515190125
507		0.001957004928650955		0.0021071378141641617
508		0.001977761664117376		0.0021071385126560926
509		0.0019676824255536		0.0021071399096399546
510		0.001965573290362954		0.002107140375301242
511		0.0019497548540433247		0.0021071413066238165
512		0.0019872505605841675		0.0021071413066238165
513		0.0020029114093631506		0.002107141073793173
514		0.0019442371558398008		0.002107139676809311
515		0.0019660602944592633		0.0021071392111480236
516		0.0019592662574723363		0.00210713897831738
517		0.0019478095152104895		0.0021071387454867363
518		0.0019565933228780827		0.0021071378141641617
519		0.001972317618007461		0.0021071378141641617
520		0.001961854170076549		0.0021071380469948053
521		0.001975805110608538		0.0021071364171802998
522		0.0019540965634708605		0.0021071359515190125
523		0.001971360994502902		0.002107136882841587
524		0.0019553210586309433		0.0021071373485028744
525		0.001950397389009595		0.0021071371156722307
526		0.001986578068075081		0.0021071371156722307
527		0.0019716528865198293		0.002107136882841587
528		0.0019535909329230585		0.002107136882841587
529		0.0019562244415283203		0.0021071366500109434
530		0.00197373617750903		0.0021071359515190125
531		0.00196123654798915		0.0021071364171802998
532		0.0019679334169874587		0.0021071364171802998
533		0.0019606403851260743		0.0021071359515190125
534		0.001970723543005685		0.002107137581333518
535		0.0019740181354184947		0.0021071378141641617
536		0.0019677369855344296		0.0021071385126560926
537		0.001963182662924131		0.0021071392111480236
538		0.0019527672169109185		0.002107139676809311
539		0.0019495221398149927		0.0021071406081318855
540		0.0019529217388480902		0.002107141073793173
541		0.0019626152546455464		0.0021071420051157475
542		0.0019583324125657478		0.002107142936438322
543		0.0019755277317017317		0.0021071434020996094
544		0.0019450001418590546		0.002107143634930253
545		0.0019829769929250083		0.0021071438677608967
546		0.0019763860230644545		0.0021071434020996094
547		0.001974241497615973		0.002107144333422184
548		0.0019679421869417033		0.0021071445662528276
549		0.001967981612930695		0.002107145031914115
550		0.001969520468264818		0.002107145031914115
551		0.0019374584856753547		0.0021071452647447586
552		0.001958450574117402		0.0021071452647447586
553		0.001966950406009952		0.0021071452647447586
554		0.0019772780748705068		0.002107145730406046
555		0.0019647383596748114		0.002107145730406046
556		0.0019878896418958902		0.0021071454975754023
557		0.0019627028765777745		0.0021071452647447586
558		0.001961958439399799		0.002107144333422184
559		0.0019617880849788585		0.002107144333422184
560		0.001971595222130418		0.0021071447990834713
561		0.001967918981487552		0.002107144333422184
562		0.0020045049798985324		0.0021071445662528276
563		0.0019648506616552672		0.0021071441005915403
564		0.00196058446696649		0.0021071441005915403
565		0.001952852588146925		0.002107144333422184
566		0.0019673177351554236		0.002107145031914115
567		0.0019724255738159022		0.002107145031914115
568		0.001955702008369068		0.0021071452647447586
569		0.0019803146133199334		0.0021071452647447586
570		0.0019600919525449476		0.002107145730406046
571		0.001960624164591233		0.0021071454975754023
572		0.0019544228756179414		0.002107145730406046
573		0.001956194367570182		0.002107145730406046
574		0.001966263516806066		0.002107145730406046
575		0.0019580685378362737		0.0021071452647447586
576		0.0019583339259649315		0.002107145031914115
577		0.001976126106455922		0.002107145031914115
578		0.001970700337551534		0.002107145031914115
579		0.0019545479056735835		0.0021071447990834713
580		0.0019612332495550313		0.002107144333422184
581		0.0019588220166042447		0.0021071438677608967
582		0.0019624777293453612		0.002107143634930253
583		0.0019555332449575267		0.0021071434020996094
584		0.00195992982480675		0.0021071434020996094
585		0.0019568030256778		0.0021071434020996094
586		0.001965712678308288		0.0021071431692689657
587		0.001991506083868444		0.002107142936438322
588		0.0019580666751911244		0.002107142936438322
589		0.0019610706561555467		0.002107142936438322
590		0.001963038152704636		0.0021071427036076784
591		0.0019489127832154434		0.002107142936438322
592		0.0019530417630448937		0.002107142936438322
593		0.001966318814083934		0.0021071431692689657
594		0.0019757237751036882		0.0021071434020996094
595		0.0019521421830480297		0.002107143634930253
596		0.001961895419905583		0.0021071438677608967
597		0.0019658353024472794		0.002107143634930253
598		0.001970653150541087		0.0021071438677608967
599		0.0019612402732794485		0.002107143634930253
600		0.001958857484472295		0.002107143634930253
601		0.001970242476090789		0.002107143634930253
602		0.0019775706653793654		0.002107143634930253
603		0.0019818139650548496		0.002107143634930253
604		0.00196955946739763		0.0021071434020996094
605		0.0019661696472515664		0.002107143634930253
606		0.0019717842806130648		0.002107143634930253
607		0.001976912763590614		0.0021071441005915403
608		0.001969406846910715		0.0021071441005915403
609		0.0019451392581686378		0.0021071447990834713
610		0.0019791818922385573		0.0021071452647447586
611		0.0019640635388592878		0.0021071447990834713
612		0.0019488382774094741		0.0021071447990834713
613		0.001953104588513573		0.0021071447990834713
614		0.001962356696215769		0.0021071447990834713
615		0.001990429785413047		0.0021071447990834713
616		0.0019481318692366283		0.0021071447990834713
617		0.0019546346738934517		0.0021071447990834713
618		0.001965740773205956		0.002107145031914115
619		0.0019934323305884996		0.0021071447990834713
620		0.0019728956588854394		0.0021071447990834713
621		0.0019848403753712773		0.002107145031914115
622		0.0019708318480600915		0.0021071452647447586
623		0.0019801057254274688		0.0021071452647447586
624		0.0019458623913427193		0.0021071452647447586
625		0.00196146999951452		0.0021071447990834713
626		0.0019797655598570905		0.002107145031914115
627		0.0019621570439388356		0.0021071452647447586
628		0.0019671350019052625		0.0021071459632366896
629		0.001969557643557588		0.002107145730406046
630		0.0019359469879418612		0.002107145730406046
631		0.001980038320956131		0.002107145730406046
632		0.0019347277702763677		0.002107145730406046
633		0.0019800326166053614		0.002107145730406046
634		0.001973020611330867		0.0021071452647447586
635		0.001956895226612687		0.002107145730406046
636		0.001961937639862299		0.002107145730406046
637		0.0019542842637747526		0.002107145730406046
638		0.001966825764005383		0.0021071459632366896
639		0.0019515401994188626		0.002107145730406046
640		0.001976357811751465		0.002107145730406046
641		0.001960800844244659		0.0021071454975754023
642		0.001974833741163214		0.0021071461960673332
643		0.001957804042225083		0.0021071459632366896
644		0.001976290911746522		0.0021071461960673332
645		0.001964068505913019		0.0021071459632366896
646		0.0019718711264431477		0.0021071459632366896
647		0.0019704589309791722		0.0021071461960673332
648		0.0019551930017769337		0.0021071461960673332
649		0.0019824355064580836		0.0021071459632366896
650		0.0019478255417197943		0.0021071461960673332
651		0.001959996569591264		0.0021071461960673332
652		0.001966304456194242		0.0021071461960673332
653		0.001972849558417996		0.0021071459632366896
654		0.001972838925818602		0.0021071459632366896
655		0.0019692701753228903		0.002107145730406046
656		0.0019576046615839005		0.0021071459632366896
657		0.0019883496376375356		0.002107145730406046
658		0.0019566723688816032		0.002107145730406046
659		0.0019499794191991289		0.002107145730406046
660		0.0019827818032354116		0.0021071459632366896
661		0.0019510347628965974		0.0021071459632366896
662		0.0019841705604145923		0.0021071459632366896
663		0.0019727074541151524		0.0021071459632366896
664		0.001979550851198534		0.0021071459632366896
665		0.0019467765232548118		0.0021071459632366896
666		0.0019502736783276002		0.0021071461960673332
667		0.001964623729387919		0.002107145730406046
668		0.001969277005021771		0.0021071459632366896
669		0.0019872624737521014		0.0021071459632366896
670		0.00195674035542955		0.0021071459632366896
671		0.001958585965136687		0.0021071459632366896
672		0.001950891804881394		0.0021071461960673332
673		0.0019691758013019958		0.0021071459632366896
674		0.0019708480297898254		0.0021071459632366896
675		0.001975329864459733		0.0021071461960673332
676		0.001959823382397493		0.0021071461960673332
677		0.001964401841784517		0.0021071459632366896
678		0.0019536699013163648		0.0021071459632366896
679		0.001962194413257142		0.002107145730406046
680		0.0019525617050627868		0.002107145730406046
681		0.0019612946392347417		0.0021071459632366896
682		0.0019743749095747867		0.0021071461960673332
683		0.001969669790317615		0.0021071461960673332
684		0.001964602464189132		0.0021071459632366896
685		0.0019590214748556414		0.0021071459632366896
686		0.0019682542576144138		0.0021071459632366896
687		0.0019673993811011314		0.0021071459632366896
688		0.0019732379199316106		0.0021071459632366896
689		0.0019603274607410035		0.0021071459632366896
690		0.0019530716817826033		0.0021071459632366896
691		0.0019776920477549234		0.0021071461960673332
692		0.0019499720462287466		0.0021071461960673332
693		0.001976130763068795		0.0021071459632366896
694		0.00197492353618145		0.0021071461960673332
695		0.0019842511198172965		0.0021071459632366896
696		0.0019532161920020976		0.0021071459632366896
697		0.0019664709301044545		0.0021071459632366896
698		0.0019682281029721103		0.0021071459632366896
699		0.001966988085769117		0.0021071459632366896
700		0.001960103943323096		0.0021071459632366896
701		0.0019484578321377437		0.0021071459632366896
702		0.0019602586592858038		0.002107145730406046
703		0.0019621646109347544		0.002107145730406046
704		0.001966625296821197		0.0021071459632366896
705		0.0019575293020655713		0.0021071459632366896
706		0.0019596187630668283		0.0021071459632366896
707		0.0019423727256556351		0.0021071459632366896
708		0.0019611265743151307		0.0021071459632366896
709		0.0019453090305129688		0.0021071459632366896
710		0.0019490062647188704		0.0021071459632366896
711		0.0019701186877985797		0.0021071459632366896
712		0.001957694844653209		0.0021071459632366896
713		0.00196244342563053		0.0021071459632366896
714		0.0019768719794228673		0.0021071459632366896
715		0.001977174232403437		0.0021071459632366896
716		0.0019867722876369953		0.0021071459632366896
717		0.0019814387584726014		0.0021071459632366896
718		0.00199475030725201		0.002107145730406046
719		0.001962596240142981		0.0021071459632366896
720		0.001958941575139761		0.0021071459632366896
721		0.0019464750851814945		0.0021071459632366896
722		0.0019563823395098248		0.0021071459632366896
723		0.0019715833089624843		0.002107145730406046
724		0.001973364890242616		0.0021071459632366896
725		0.0019763925035173693		0.0021071459632366896
726		0.0019849672680720687		0.0021071459632366896
727		0.00197637554568549		0.0021071459632366896
728		0.001970837746436397		0.0021071459632366896
729		0.0019704094932725034		0.0021071459632366896
730		0.0019661850528791547		0.0021071459632366896
731		0.0019521043868735433		0.0021071459632366896
732		0.0019708627369254827		0.0021071459632366896
733		0.0019602176810925207		0.0021071459632366896
734		0.0019589580673103533		0.0021071459632366896
735		0.001954990477922062		0.0021071459632366896
736		0.0019409851326296728		0.002107145730406046
737		0.001987958326935768		0.002107145730406046
738		0.0019605506289129457		0.002107145730406046
739		0.001954181663071116		0.0021071459632366896
740		0.0019752527975166836		0.0021071459632366896
741		0.001974665055361887		0.0021071459632366896
742		0.001969705723846952		0.002107145730406046
743		0.0019613994906346		0.002107145730406046
744		0.001980060168231527		0.002107145730406046
745		0.001986130994434158		0.002107145730406046
746		0.0019850639703993997		0.002107145730406046
747		0.001967615719574193		0.002107145730406046
748		0.0019650370813906193		0.002107145730406046
749		0.0019586627216388783		0.002107145730406046
750		0.001973494654521346		0.002107145730406046
751		0.001981578844909867		0.002107145730406046
752		0.00196624252324303		0.0021071459632366896
753		0.0019649795722216368		0.002107145730406046
754		0.001983108736264209		0.002107145730406046
755		0.0019649517877648273		0.002107145730406046
756		0.0019757958749930062		0.002107145730406046
757		0.001957786347096165		0.0021071459632366896
758		0.0019764264191811285		0.002107145730406046
759		0.0019714663891742625		0.002107145730406046
760		0.0019617671302209296		0.002107145730406046
761		0.001954168430529535		0.002107145730406046
762		0.0019673922021562853		0.0021071459632366896
763		0.001955446321517229		0.0021071459632366896
764		0.0019441093706215422		0.0021071459632366896
765		0.001960463860693077		0.0021071459632366896
766		0.0019718039159973464		0.0021071459632366896
767		0.00195613627632459		0.0021071459632366896
768		0.0019522213842719793		0.0021071459632366896
769		0.0019463278197993834		0.0021071459632366896
770		0.001981665613129735		0.0021071459632366896
771		0.001986811636015773		0.0021071459632366896
772		0.001958124882852038		0.0021071459632366896
773		0.0019825737302501998		0.0021071459632366896
774		0.0019512041471898556		0.0021071459632366896
775		0.001969811739400029		0.0021071459632366896
776		0.0019698496519898376		0.002107145730406046
777		0.0019541213599344096		0.0021071459632366896
778		0.0019548179504151144		0.0021071459632366896
779		0.0019265915422389905		0.0021071459632366896
780		0.0019844083969170847		0.0021071459632366896
781		0.001971739072663089		0.0021071459632366896
782		0.0019716341824581227		0.0021071459632366896
783		0.001969784110163649		0.0021071459632366896
784		0.0019818848619858422		0.0021071459632366896
785		0.0019656658793489137		0.002107145730406046
786		0.001963638545324405		0.0021071459632366896
787		0.0019540059535453715		0.0021071459632366896
788		0.001963136407236258		0.002107145730406046
789		0.0019963470210010805		0.0021071459632366896
790		0.001991641280862192		0.0021071459632366896
791		0.0019837303940827646		0.0021071459632366896
792		0.001945678881990413		0.002107145730406046
793		0.0019681581761687994		0.002107145730406046
794		0.0019534843740984797		0.0021071459632366896
795		0.0019651042918364206		0.0021071459632366896
796		0.001968214986845851		0.0021071459632366896
797		0.001968622130031387		0.002107145730406046
798		0.001970819275205334		0.0021071459632366896
799		0.001973463532825311		0.0021071459632366896
800		0.0019532343527923026		0.0021071459632366896
801		0.0019628610850001373		0.0021071459632366896
802		0.0019512173797314365		0.0021071459632366896
803		0.0019793422737469277		0.0021071459632366896
804		0.0019732642685994506		0.0021071459632366896
805		0.001960982413341602		0.0021071459632366896
806		0.001966712336676816		0.0021071459632366896
807		0.0019781522375221052		0.0021071459632366896
808		0.0019682311297704778		0.0021071459632366896
809		0.0019820587476715446		0.0021071459632366896
810		0.0019487702132513125		0.0021071459632366896
811		0.00197232219701012		0.0021071459632366896
812		0.0019612854812294245		0.002107145730406046
813		0.0019715867626170316		0.0021071459632366896
814		0.0019730206889410815		0.0021071459632366896
815		0.001969386590644717		0.0021071459632366896
816		0.0019624297662327685		0.0021071459632366896
817		0.0019459120618800323		0.0021071459632366896
818		0.001961077175413569		0.002107145730406046
819		0.001958540679576496		0.0021071459632366896
820		0.001960110773021976		0.0021071459632366896
821		0.0019507086835801601		0.002107145730406046
822		0.001968465823059281		0.002107145730406046
823		0.001977544122685989		0.0021071459632366896
824		0.0019466087687760592		0.002107145730406046
825		0.001964209213232001		0.002107145730406046
826		0.0019974144718920193		0.0021071459632366896
827		0.00197989703156054		0.0021071459632366896
828		0.0019894930689285197		0.0021071459632366896
829		0.001963833812624216		0.0021071459632366896
830		0.0019729319028556347		0.0021071459632366896
831		0.00196784979198128		0.0021071459632366896
832		0.00198915918978552		0.002107145730406046
833		0.0019946721149608493		0.0021071459632366896
834		0.0019630726504450044		0.0021071459632366896
835		0.0019669317795584598		0.0021071459632366896
836		0.0019549972688158355		0.0021071459632366896
837		0.001969414724347492		0.002107145730406046
838		0.0019489831756800413		0.0021071459632366896
839		0.0019500368119527896		0.0021071459632366896
840		0.0019543517070511975		0.0021071459632366896
841		0.001980125322006643		0.002107145730406046
842		0.001960841667217513		0.0021071459632366896
843		0.001965103360513846		0.0021071459632366896
844		0.0019612667771677175		0.0021071459632366896
845		0.001974315382540226		0.002107145730406046
846		0.0019454344098145764		0.0021071459632366896
847		0.001969381778811415		0.0021071459632366896
848		0.0019753344046572843		0.002107145730406046
849		0.0019621640288581452		0.0021071459632366896
850		0.001975358425018688		0.002107145730406046
851		0.0019734427332878113		0.0021071459632366896
852		0.001959682248222331		0.0021071459632366896
853		0.0019696214391539493		0.002107145730406046
854		0.0019778485487525663		0.0021071459632366896
855		0.0019550334739809236		0.0021071459632366896
856		0.0019523023705308635		0.002107145730406046
857		0.001955431109915177		0.002107145730406046
858		0.001968611031770706		0.002107145730406046
859		0.0019498682425667842		0.0021071459632366896
860		0.001969158494224151		0.0021071459632366896
861		0.0019576309714466333		0.0021071459632366896
862		0.0019825879329194627		0.002107145730406046
863		0.001992106204852462		0.0021071459632366896
864		0.0019493825578441222		0.0021071459632366896
865		0.0019638369170327983		0.0021071459632366896
866		0.001970402547158301		0.0021071459632366896
867		0.0019624821143224835		0.0021071459632366896
868		0.0019716425643612943		0.002107145730406046
869		0.001988119174105426		0.0021071459632366896
870		0.001963340910151601		0.0021071459632366896
871		0.0019633846823126078		0.0021071459632366896
872		0.001963793649338186		0.0021071459632366896
873		0.0019883589508632817		0.0021071459632366896
874		0.0019533207717662058		0.002107145730406046
875		0.0019617489694307246		0.0021071459632366896
876		0.0019677310095479092		0.002107145730406046
877		0.0019745150736222663		0.0021071459632366896
878		0.001978742346788446		0.0021071459632366896
879		0.001961028824249903		0.0021071459632366896
880		0.0019635855375478664		0.0021071459632366896
881		0.001962308267441889		0.0021071459632366896
882		0.0019914149306714535		0.002107145730406046
883		0.0019582775809491673		0.0021071459632366896
884		0.0019459498580545187		0.002107145730406046
885		0.0019420406315475702		0.0021071459632366896
886		0.0019908101142694554		0.0021071459632366896
887		0.001972800431152185		0.0021071459632366896
888		0.001957901054993272		0.0021071459632366896
889		0.0019734501062581935		0.0021071459632366896
890		0.0019614996078113713		0.002107145730406046
891		0.0019680974073708057		0.0021071459632366896
892		0.001947615606089433		0.0021071459632366896
893		0.0019662078314771256		0.0021071459632366896
894		0.0019528204187129934		0.0021071459632366896
895		0.0019504004158079624		0.0021071459632366896
896		0.0019715819895888367		0.0021071459632366896
897		0.001941256884795924		0.002107145730406046
898		0.001971033401787281		0.0021071459632366896
899		0.0019702250914027295		0.0021071459632366896
900		0.0019586288447802267		0.002107145730406046
901		0.001970476044031481		0.0021071459632366896
902		0.001975559319059054		0.0021071459632366896
903		0.00198297838990887		0.0021071459632366896
904		0.0019790619456519685		0.0021071459632366896
905		0.001988723253210386		0.0021071459632366896
906		0.001977904816158116		0.0021071459632366896
907		0.0019701383619879684		0.002107145730406046
908		0.001949514417598645		0.0021071459632366896
909		0.0019679903828849397		0.0021071459632366896
910		0.001981981137456993		0.0021071459632366896
911		0.0019843310195331774		0.0021071459632366896
912		0.0019623043093209467		0.0021071459632366896
913		0.0019581280260657272		0.0021071459632366896
914		0.001958154064292709		0.0021071459632366896
915		0.0019774436950683594		0.0021071459632366896
916		0.001971989831266304		0.002107145730406046
917		0.0019691329604635635		0.002107145730406046
918		0.001962375322667261		0.0021071459632366896
919		0.0019462391113241513		0.0021071459632366896
920		0.0019752275741969547		0.0021071459632366896
921		0.00196597787241141		0.0021071459632366896
922		0.0019625972102706632		0.0021071459632366896
923		0.001943510180960099		0.002107145730406046
924		0.0019710347211609283		0.0021071459632366896
925		0.0019894539921854935		0.0021071459632366896
926		0.001969593383061389		0.002107145730406046
927		0.0019668880850076675		0.0021071459632366896
928		0.001977516687475145		0.0021071459632366896
929		0.001969024306163192		0.0021071459632366896
930		0.0019730619775752225		0.0021071459632366896
931		0.001989146461710334		0.0021071459632366896
932		0.0019785868935287		0.0021071459632366896
933		0.0019577673325936		0.0021071459632366896
934		0.0019769027518729367		0.0021071459632366896
935		0.0019533463831370077		0.0021071459632366896
936		0.0019667674399291477		0.0021071459632366896
937		0.0019639416908224425		0.0021071459632366896
938		0.0019618531611437597		0.002107145730406046
939		0.0019630474659303823		0.0021071459632366896
940		0.0019670097002138696		0.002107145730406046
941		0.0019915649512161813		0.0021071459632366896
942		0.0019604961465423307		0.0021071459632366896
943		0.0019721726809317866		0.002107145730406046
944		0.001971100689843297		0.0021071459632366896
945		0.00195475733683755		0.002107145730406046
946		0.0019757095724344254		0.002107145730406046
947		0.00197236534828941		0.002107145730406046
948		0.0019693589226032295		0.0021071459632366896
949		0.0019570752435053387		0.0021071459632366896
950		0.001959533547051251		0.002107145730406046
951		0.00195966688139985		0.0021071459632366896
952		0.00195888988673687		0.0021071459632366896
953		0.001975468903159102		0.002107145730406046
954		0.0019614026338482895		0.0021071459632366896
955		0.0019628138979896903		0.0021071459632366896
956		0.001971685249979297		0.002107145730406046
957		0.0019622910767793655		0.002107145730406046
958		0.0019581232530375323		0.002107145730406046
959		0.001963407654936115		0.002107145730406046
960		0.0019584737019613385		0.0021071459632366896
961		0.001951979744868974		0.002107145730406046
962		0.0019450351440658171		0.002107145730406046
963		0.0019743237644433975		0.0021071459632366896
964		0.001953735869998733		0.002107145730406046
965		0.001974407583475113		0.0021071459632366896
966		0.0019623751286417246		0.0021071459632366896
967		0.00197421433404088		0.0021071459632366896
968		0.0019606314211462936		0.0021071459632366896
969		0.0019718757442509136		0.0021071459632366896
970		0.0019508048426359892		0.0021071459632366896
971		0.0019847299360359707		0.0021071459632366896
972		0.0019368762926508982		0.0021071459632366896
973		0.0019732145980621376		0.0021071459632366896
974		0.00196190116306146		0.002107145730406046
975		0.0019513688748702407		0.0021071459632366896
976		0.0019506329360107582		0.0021071459632366896
977		0.0019681587970505157		0.0021071459632366896
978		0.0019850574899464846		0.002107145730406046
979		0.001954113288472096		0.0021071459632366896
980		0.0019351333612576127		0.0021071459632366896
981		0.0019898397537569204		0.002107145730406046
982		0.001975281241660317		0.0021071459632366896
983		0.001965133318056663		0.0021071459632366896
984		0.0019957246258854866		0.0021071459632366896
985		0.0019671889021992683		0.002107145730406046
986		0.001969739755926033		0.002107145730406046
987		0.0019664347637444735		0.0021071459632366896
988		0.0019794332329183817		0.002107145730406046
989		0.0019803903608893356		0.0021071459632366896
990		0.001955422922037542		0.0021071459632366896
991		0.0019743305165320635		0.002107145730406046
992		0.0019650787968809405		0.0021071459632366896
993		0.001975391525775194		0.0021071459632366896
994		0.0019759052277853093		0.0021071459632366896
995		0.0019790004395569363		0.0021071459632366896
996		0.001974448018396894		0.0021071459632366896
997		0.0019517926266416907		0.0021071459632366896
998		0.0019443569084008534		0.002107145730406046
999		0.0019774632528424263		0.002107145730406046
1000		0.0019458484991143148		0.0021071459632366896
